0.6366428038906274 0.10909390753948227 1.0 0 0
0.7302333732918357 0.07840657248096276 1.0 0 0
0.6642384697890914 0.7294290255535923 1.0 0 0
0.7062534160168851 0.15293521736864593 1.0 0 0
0.8444762245264257 0.028409286044938805 1.0 0 0
0.8480514837328732 0.05162027719660562 1.0 0 0
0.8313219189875501 0.00657510426430584 1.0 0 0
0.8517229446928901 0.03240587101689059 1.0 0 0
0.7050195777751379 0.1430194519572284 1.0 0 0
0.7954951734001094 0.3247340750700429 1.0 0 0
0.94398760576813 0.6112605452988167 1.0 0 0
0.6367841851466278 0.18495034365537397 1.0 0 0
0.6438831521163577 0.8266910236395008 1.0 0 0
0.6020307472292028 0.18248551407327399 1.0 0 0
0.7676985604442269 0.31956243421272634 1.0 0 0
0.7137699427656281 0.21007458124460984 1.0 0 0
0.6745322369207806 0.5499312434835456 1.0 0 0
0.907900774913236 0.0165717361395346 1.0 0 0
0.5914740583403452 0.08361112870603572 1.0 0 0
0.7374708195755685 0.04005556398480204 1.0 0 0
0.5834940728675049 0.20905653719501965 1.0 0 0
0.5630132506308457 0.8139937855988626 1.0 0 0
0.5540099719241713 0.5578360651017371 1.0 0 0
0.8081743301873939 0.709225203713567 1.0 0 0
0.7597555351747951 0.36955724363068937 1.0 0 0
0.7419854606128586 0.5677021585833832 1.0 0 0
0.8134347353353146 0.06883334781849734 1.0 0 0
0.8204518847227776 0.007088454650720707 1.0 0 0
0.6929646843837418 0.17440012283317288 1.0 0 0
0.407012389924355 0.04559877502784289 1.0 0 0
0.6563158552573904 0.09497372826224333 1.0 0 0
0.6460385044583672 0.7711999565283243 1.0 0 0
0.7262997202219151 0.1945741150197932 1.0 0 0
0.8073796796050081 0.0830000174663635 1.0 0 0
0.7217310755034905 0.0635774544565128 1.0 0 0
0.6589983031711673 0.8023335021740942 1.0 0 0
0.811953694228748 0.04990741790982762 1.0 0 0
0.6685816905631828 0.018674120575137558 1.0 0 0
0.9718746275767236 0.0 1.0 0 0
0.9158211840724544 0.6288727915139496 1.0 0 0
0.5112893475941014 0.09537221942970137 1.0 0 0
0.6807627800986739 0.20189437799864 1.0 0 0
0.8855873978573179 0.07390587975012615 1.0 0 0
0.8105417487733433 0.8164527988575978 1.0 0 0
0.7598872942102735 0.08331867155320047 1.0 0 0
0.6784391768003303 0.2487288105115542 1.0 0 0
0.7254357739181492 0.5787350145749692 1.0 0 0
0.6762623336173961 0.2509257658740186 1.0 0 0
0.8316316208120764 0.024080251981019863 1.0 0 0
0.7150365187192214 0.4612649118819491 1.0 0 0
0.6145662711707955 0.5726458721405409 1.0 0 0
0.6017396823281779 0.13529462191531771 1.0 0 0
0.7514465779158386 0.7363445161697544 1.0 0 0
0.851059305966004 0.033989485267131136 1.0 0 0
0.95411208979274 0.1887761340021638 1.0 0 0
0.8192685923748098 0.04823117234633119 1.0 0 0
0.8227692936306673 0.6036714233309493 1.0 0 0
0.6917493445358452 0.008573786526468551 1.0 0 0
0.6201814478291561 0.07370712491896346 1.0 0 0
0.6479894017121273 0.4796628916363409 1.0 0 0
0.7254200929571315 0.6836362237628691 1.0 0 0
0.8002621856746657 0.06072180928730441 1.0 0 0
0.832435409038569 0.01199595825028742 1.0 0 0
0.7721606483137062 0.2967165233458767 1.0 0 0
0.8529877791145085 0.5607042425719407 1.0 0 0
0.8147049086983943 0.26862289603486617 1.0 0 0
0.5824896422635483 0.14432250802041435 1.0 0 0
0.8139043337346472 0.2425162281316068 1.0 0 0
0.7054623863333669 0.03465483072077572 1.0 0 0
0.5426633741026715 0.2459617227330977 1.0 0 0
0.7733066490231569 0.3706380090309581 1.0 0 0
0.8046043730326449 0.6622641916531288 1.0 0 0
0.5947012192862636 0.7167135346614076 1.0 0 0
0.7835627457991078 0.5265924929698933 1.0 0 0
0.6789417232754346 0.7739248116499771 1.0 0 0
0.8096799066126473 0.18088217314083754 1.0 0 0
0.9451106577771992 0.0 1.0 0 0
0.7523953290845907 0.6298182641014051 1.0 0 0
0.6464789582023904 0.04316667575054296 1.0 0 0
0.6274918306067275 0.1935444430855227 1.0 0 0
0.631623167679687 0.6032871639909811 1.0 0 0
0.6905263850024284 0.6381355110438659 1.0 0 0
0.8369462628951656 0.6418024606407352 1.0 0 0
0.7329919812039318 0.1613889228511727 1.0 0 0
0.9311166726251308 0.004472951419848985 1.0 0 0
0.7342661509629358 0.09292089497487853 1.0 0 0
0.8278026402125886 0.028196685371673167 1.0 0 0
0.7040950695265025 0.05897669279498052 1.0 0 0
0.7881428695245519 0.040347230712793176 1.0 0 0
0.8134253820706502 0.6583166760019252 1.0 0 0
0.7542740598689908 0.3430737253946266 1.0 0 0
0.8135746091587208 0.3705832008804263 1.0 0 0
0.7929640523942221 0.18217385988484028 1.0 0 0
0.7676684402753078 0.2621462425297445 1.0 0 0
0.9687774553575365 0.0 1.0 0 0
0.5812765824427044 0.1176687490416691 1.0 0 0
0.5681510264759299 0.1750825284261303 1.0 0 0
0.9724928494816336 0.5640186372093284 1.0 0 0
0.7381718507927895 0.044850404777338086 1.0 0 0
0.7913018655094167 0.6928964421077016 1.0 0 0
0.8007388869029699 0.2006783609989093 1.0 0 0
0.7084971993804412 0.6577656398753573 1.0 0 0
0.6590893343641477 0.5667378453616204 1.0 0 0
0.7353479773627213 0.16289021515653984 1.0 0 0
0.7455100360672743 0.313519876484301 1.0 0 0
0.7742819687761064 0.1137058320089764 1.0 0 0
0.8993150925009248 0.4570831102360763 1.0 0 0
0.74748634188235 0.13362737151277493 1.0 0 0
0.9233747748600608 0.6231096458122268 1.0 0 0
0.7124101219564516 0.3760556346916002 1.0 0 0
0.6173295083737156 0.11556712671629968 1.0 0 0
0.7421046359191392 0.5395346536961411 1.0 0 0
0.5084456070327021 0.06166893800000749 1.0 0 0
0.7615540460017047 0.4744201434092237 1.0 0 0
0.6670241925869226 0.7015280294420929 1.0 0 0
0.5925807696450051 0.2309304912336997 1.0 0 0
0.6030963407640259 0.7542742758681004 1.0 0 0
0.6661956404535534 0.09708651280532153 1.0 0 0
0.5890364260708301 0.09227649000672117 1.0 0 0
0.7199063493283027 0.07854260912090405 1.0 0 0
0.9451106577771992 0.7053012377467748 1.0 0 0
0.4456098796329613 0.3098115561744351 1.0 0 0
0.6002089073024836 0.19138827556920088 1.0 0 0
0.5332001374022063 0.8218520248006216 1.0 0 0
0.37615557485077467 0.12870766597381025 1.0 0 0
0.6912791390559619 0.5198149242028571 1.0 0 0
0.6477427365426479 0.0381578461005036 1.0 0 0
0.7806459301633074 0.32657523212268946 1.0 0 0
0.7629521890335483 0.7247594117754786 1.0 0 0
0.7948855985542507 0.6157800606767349 1.0 0 0
0.7217480914422345 0.4013334177891867 1.0 0 0
0.7722616635735681 0.6616312939165839 1.0 0 0
0.7687869820356942 0.14549455923674864 1.0 0 0
0.7985593029570278 0.2498539620434284 1.0 0 0
0.7413391098310329 0.09307409366037056 1.0 0 0
0.6655338163360108 0.3748020396562172 1.0 0 0
0.7920815542647857 0.00037100901804878425 1.0 0 0
0.7407651054701819 0.6203830795386974 1.0 0 0
0.7936872298237181 0.6762440396138059 1.0 0 0
0.7243861212803467 0.027277001045315604 1.0 0 0
0.8167083780241123 0.27741777723442423 1.0 0 0
0.7841485755775489 0.11278237667507268 1.0 0 0
0.6445432390463899 0.6987282737159655 1.0 0 0
0.6397709667286445 0.0058686881036839 1.0 0 0
0.6426138021448763 0.5646713606583563 1.0 0 0
0.5752231765481742 0.7593837877484759 1.0 0 0
0.7366655303440822 0.6710776606002355 1.0 0 0
0.6592706184047508 0.4879641549738622 1.0 0 0
0.8158741508759058 0.20466775010251528 1.0 0 0
0.7557793402989754 0.03454918422516502 1.0 0 0
0.6512712517187297 0.3872068352952904 1.0 0 0
0.7049510073215566 0.2573038030167488 1.0 0 0
0.800736082778241 0.016581920700806146 1.0 0 0
0.6475078173324584 0.8912465927799698 1.0 0 0
0.7833565063101793 0.32875521321583 1.0 0 0
0.9449977583688688 0.056998468784749824 1.0 0 0
0.7627111298903831 0.4985939601416312 1.0 0 0
0.6952257817761146 0.6979596240011351 1.0 0 0
0.5725069577344809 0.21544448978159367 1.0 0 0
0.800340164580124 0.11782055520134632 1.0 0 0
0.762141881791992 0.208012389452264 1.0 0 0
0.9866523656297574 0.0 1.0 0 0
0.7973451621759765 0.6114630916376844 1.0 0 0
0.7116176746570474 0.3885560581973564 1.0 0 0
0.756099221955381 0.3608195203742539 1.0 0 0
0.6799073141139282 0.6048155663107754 1.0 0 0
0.625165618625152 0.11334756907189368 1.0 0 0
0.8114660343522732 0.6321066145004265 1.0 0 0
0.6492227275627053 0.011771897902098198 1.0 0 0
0.811953694228748 0.21011477388840488 1.0 0 0
0.7094767942103664 0.6222238096746062 1.0 0 0
0.730592868777177 0.028353818602904344 1.0 0 0
0.6082763093347566 0.6475809641618491 1.0 0 0
0.9022926863343058 0.0017313754175617105 1.0 0 0
0.7045435585746971 0.18735460732731385 1.0 0 0
0.8164588109105145 0.183160604993044 1.0 0 0
0.4448383451570823 0.035405476873566856 1.0 0 0
0.7944850207993704 0.2500247439726617 1.0 0 0
0.7029749315456538 0.5673185921785906 1.0 0 0
0.4847610093706941 0.16561577559297405 1.0 0 0
0.7015157436121536 0.32715661492713977 1.0 0 0
0.8246044041892421 0.3164418361384391 1.0 0 0
0.5907999402755257 0.4215674287807464 1.0 0 0
0.5188396297624249 0.10938582548837572 1.0 0 0
0.697040947233164 0.3644699841055651 1.0 0 0
0.8395828577087755 0.694740886939979 1.0 0 0
0.5645666167341111 0.016138892285117272 1.0 0 0
0.9386233471279676 0.4297300287031803 1.0 0 0
0.7153705993079235 0.22632875133161 1.0 0 0
0.7105175713472989 0.05696079630042656 1.0 0 0
0.4920970142427598 0.2237139133828148 1.0 0 0
0.4570005193690958 0.05897669279498052 1.0 0 0
0.7106423549040978 0.19224078119521854 1.0 0 0
0.6678543569408136 0.6840689570845953 1.0 0 0
0.7544413832747707 0.2128355066872306 1.0 0 0
0.6792992491953369 0.6444797652523497 1.0 0 0
0.6682159456560919 0.7637747377731725 1.0 0 0
0.8276725062570768 0.19076533352797345 1.0 0 0
0.5731140507690418 0.8065819425187808 1.0 0 0
0.6362713551632886 0.18046215918783606 1.0 0 0
0.6018600068014825 0.16203707113619525 1.0 0 0
0.7989891129851768 0.2255556030210587 1.0 0 0
0.8530203929985152 0.5776378530381557 1.0 0 0
0.6901867647306491 0.0 1.0 0 0
0.4331684005934183 0.08400001767672644 1.0 0 0
0.7673328155371358 0.537344727806815 1.0 0 0
0.6866881182218537 0.7977747890935717 1.0 0 0
0.8443096499499508 0.19391123609210048 1.0 0 0
0.6340252511440894 0.5336593715612111 1.0 0 0
0.8051375391383889 0.299914414965096 1.0 0 0
0.6886715358295407 0.14575046133451114 1.0 0 0
0.7569257104469911 0.5550800831395416 1.0 0 0
0.6043237936338984 0.16776478153179258 1.0 0 0
0.6895496798522078 0.3411174960258533 1.0 0 0
0.7090574603052894 0.3491978101103119 1.0 0 0
0.8603974780230419 0.2157037490960331 1.0 0 0
0.6969019837267046 0.5597289385622575 1.0 0 0
0.6989385178697629 0.6536876913934411 1.0 0 0
0.6512930520794018 0.2968360706960172 1.0 0 0
0.6705323300690822 0.1513632473409167 1.0 0 0
0.6083644040379149 0.09328912638530024 1.0 0 0
0.5724029714380323 0.37950849737094905 1.0 0 0
0.7668573471577055 0.04386468159541384 1.0 0 0
0.6067229060617141 0.26462659889683043 1.0 0 0
0.6822318129966479 0.94873631076113 1.0 0 0
0.7921203453915524 0.21518523046823032 1.0 0 0
0.6059329902188706 0.17505951396333536 1.0 0 0
0.4326167918007595 0.05910607304423345 1.0 0 0
0.7734084838795744 0.28784189063840804 1.0 0 0
0.7376951495655458 0.2612109603186187 1.0 0 0
0.6565870202293485 0.918379822890736 1.0 0 0
0.7179659612626369 0.6943566276000108 1.0 0 0
0.9443411591781764 0.02534403825519494 1.0 0 0
0.7487082720906207 0.0 1.0 0 0
0.7910355792457177 0.003790194400295628 1.0 0 0
0.6164938624715346 0.582300692338705 1.0 0 0
0.6092091006100636 0.6836459505914788 1.0 0 0
0.5581884204677777 0.266226117450981 1.0 0 0
0.8267321999897783 0.1781781001729936 1.0 0 0
0.5015772780072341 0.1544347660130276 1.0 0 0
0.8717903923036765 0.030321555202321982 1.0 0 0
0.6862192574756495 0.10282585379973046 1.0 0 0
0.7141331354123687 0.16669682520236376 1.0 0 0
0.6756048146826088 0.7526647443234131 1.0 0 0
0.7247050411152056 0.3578361135877035 1.0 0 0
0.6229781478430757 0.7454631198362155 1.0 0 0
0.7689162758422367 0.4610027113910334 1.0 0 0
0.6894291502800949 0.3261627819122482 1.0 0 0
0.8201176430526669 0.3149645724530989 1.0 0 0
0.8092965354448842 0.4660186165857994 0.0 1 0
0.2647816866322734 0.9564350596580596 0.0 1 0
0.20510357482856406 0.2962117678664294 0.0 1 0
0.3115529691163419 0.5900942599800288 0.0 1 0
0.5355695215612697 0.758265516387772 0.0 1 0
0.4762869514393268 0.22708370791720706 0.0 1 0
0.26923503310545915 0.5635321447317152 0.0 1 0
0.7319818286031929 0.5744914331945568 0.0 1 0
0.5172044452389711 0.9402826052786032 0.0 1 0
0.8179862819170096 0.5449249512736433 0.0 1 0
0.7949960391739743 0.5091029393781128 0.0 1 0
0.8192110594687317 0.55815180284953 0.0 1 0
0.7599242510121446 0.7845076176639131 0.0 1 0
0.03420331307349466 0.491541093867027 0.0 1 0
0.6492227275627053 0.8127779488167624 0.0 1 0
0.6704983790648157 0.939821494069996 0.0 1 0
0.7717508477702192 0.540530627215544 0.0 1 0
0.3500178762960482 0.31560500468637914 0.0 1 0
0.6319365445656957 0.5171781391369082 0.0 1 0
0.43357720670535976 0.6552523098146658 0.0 1 0
0.4318037254488944 0.2951111732138804 0.0 1 0
0.44819362208666175 0.467574172469208 0.0 1 0
0.620098188825545 0.6760186607781536 0.0 1 0
0.2840780354164001 0.21359126579861326 0.0 1 0
0.4390640026827525 0.7308612649120466 0.0 1 0
0.7965053260008483 0.5123457868286073 0.0 1 0
0.40318183356348 0.9408376465467286 0.0 1 0
0.6612758231551621 0.9468150140602132 0.0 1 0
0.5398891522516167 0.1728291502933517 0.0 1 0
0.4434077161653411 0.9594955722845414 0.0 1 0
0.11082070691537887 0.3092978513801082 0.0 1 0
0.7370228786033959 0.901652681739694 0.0 1 0
0.28113885646284265 0.7889260919453646 0.0 1 0
0.5044449551955312 0.8618801377984864 0.0 1 0
0.7712178392191882 0.5786091752592584 0.0 1 0
0.4691010931628993 0.8162367037529641 0.0 1 0
0.22238509514198407 0.4637362607168674 0.0 1 0
0.8941228000935119 0.793670200687655 0.0 1 0
0.5295444413544645 0.8411905564221853 0.0 1 0
0.2640550645347284 0.542899678516485 0.0 1 0
0.3356360426525485 0.8783638502304186 0.0 1 0
0.6353220524098503 0.5316112229818742 0.0 1 0
0.1097234721930454 0.3054640915267283 0.0 1 0
0.6490723219708092 0.7450472156090975 0.0 1 0
0.781117334710036 0.8123860798535151 0.0 1 0
0.638224863256603 0.5251014302110233 0.0 1 0
0.8043949661449794 0.4317308273358735 0.0 1 0
0.18530358156855847 0.5054291187070291 0.0 1 0
0.6166459137255091 0.4957917177855491 0.0 1 0
0.5530925992131476 0.4399208166703137 0.0 1 0
0.4428903209306611 0.8956753142262094 0.0 1 0
0.6115254850230539 0.5495880254026067 0.0 1 0
0.4866410156011435 0.6216462213529044 0.0 1 0
0.26104026801191804 0.4872704016856854 0.0 1 0
0.4535280916302683 0.2830710472228325 0.0 1 0
0.5539142078000739 0.9276735371643618 0.0 1 0
0.6171335736019838 0.7576720870525476 0.0 1 0
0.8417190081676722 0.5956482734945405 0.0 1 0
0.643954866804917 0.6796885210651318 0.0 1 0
0.2647816866322734 0.8484261044661012 0.0 1 0
0.5718284471457786 0.7413131189630534 0.0 1 0
0.5194679325099163 0.4053983477712375 0.0 1 0
0.7673552080824464 0.5377434994044187 0.0 1 0
0.6096832143789469 0.8649914943266679 0.0 1 0
0.6444127567467236 0.7051158891234224 0.0 1 0
0.7463905330670836 0.0122386599828806 0.0 1 0
0.6666126220507648 0.5661597615425716 0.0 1 0
0.29817661780521026 0.7309044401188936 0.0 1 0
0.4896303625426643 0.595637722243972 0.0 1 0
0.4142814079509911 0.5712302181223969 0.0 1 0
0.7435593965624356 0.5646757254701915 0.0 1 0
0.6282372138650283 0.5054228705876013 0.0 1 0
0.8869615203969199 0.5747977244452231 0.0 1 0
0.8167083780241123 0.5695155172677209 0.0 1 0
0.5305986371776322 0.5329155213814827 0.0 1 0
0.7486091699977118 0.4835554468762472 0.0 1 0
0.13293608231006473 0.590187806262068 0.0 1 0
0.4587028135666766 0.7150259849452079 0.0 1 0
0.8328147000532515 0.5604000727625263 0.0 1 0
0.6268371020685437 0.4789216285608551 0.0 1 0
0.5511645129987988 0.8414261029934532 0.0 1 0
0.5459680549066641 0.5893975946729744 0.0 1 0
0.3822305203543264 0.7610256231108427 0.0 1 0
0.7235922763319855 0.6915040670870881 0.0 1 0
0.5059471217795142 0.4739021857209 0.0 1 0
0.3172189983774791 0.7085742231842116 0.0 1 0
0.6698574436333533 0.9563231986619476 0.0 1 0
0.6300826849633478 0.5741648267086784 0.0 1 0
0.7970861637469095 0.8333179260389126 0.0 1 0
0.6673105039948716 0.7220233000884759 0.0 1 0
0.6662757135255114 0.6672054249584218 0.0 1 0
0.5108582934454421 0.5715255486841773 0.0 1 0
0.7942898776832223 0.4526225699964391 0.0 1 0
0.6072896486547185 0.9602950083824504 0.0 1 0
0.4857571320744362 0.448471336205512 0.0 1 0
0.4086589764349856 0.4946786907320711 0.0 1 0
0.4194429096114489 0.7576476341851557 0.0 1 0
0.5846740555355302 0.10808167257657744 0.0 1 0
0.5480509023894553 0.8246973957694925 0.0 1 0
0.4889260294668091 0.27384882306036945 0.0 1 0
0.6802282422505985 0.6282359045617061 0.0 1 0
0.0924289630046296 0.20910941219567986 0.0 1 0
0.7630040625207372 0.6350654114193647 0.0 1 0
0.6839995800490017 0.9333033833097574 0.0 1 0
0.5429764491258392 0.854041759037955 0.0 1 0
0.15599466327194164 0.6604631019494489 0.0 1 0
0.6994398760575116 0.5124551640190708 0.0 1 0
0.3649693518441123 0.779521618421855 0.0 1 0
0.5584965372957482 0.4937305565744479 0.0 1 0
0.4753686308926219 0.8705070207942543 0.0 1 0
0.4588291376613972 0.7331487381601206 0.0 1 0
0.5617570854138035 0.7450788604962474 0.0 1 0
0.2541556731222264 0.7519528331363242 0.0 1 0
0.4603265403408634 0.6430241004585121 0.0 1 0
0.4009043135784245 0.27384882306036945 0.0 1 0
0.4669556667858642 0.7941112782223169 0.0 1 0
0.6415761072908183 0.5468883726610986 0.0 1 0
0.4512073006523752 0.2621797060882235 0.0 1 0
0.334544715276312 0.8369704603675096 0.0 1 0
0.6082381349628225 0.6516315096772413 0.0 1 0
0.3585984983906737 0.7351356103801959 0.0 1 0
0.392444285544054 0.34514260280164416 0.0 1 0
0.4896714734044209 0.8471637585220008 0.0 1 0
0.6554880228816902 0.8163917707155757 0.0 1 0
0.6013815720513098 0.4853334354652675 0.0 1 0
0.7429612960662374 0.9016261156618848 0.0 1 0
0.7446166279347274 0.5487223376939873 0.0 1 0
0.34417064681616466 0.8810639714172626 0.0 1 0
0.6508102392982076 0.7454441440666594 0.0 1 0
0.5217681595164949 0.6394630975304287 0.0 1 0
0.625013443556066 0.5929402783455008 0.0 1 0
0.5795495173400109 0.5640754412157839 0.0 1 0
0.587631637846721 0.4835186202684957 0.0 1 0
0.6746071034598582 0.4840288293034388 0.0 1 0
0.7329919812039318 0.6533123683173682 0.0 1 0
0.1228008845458526 0.6242789495155643 0.0 1 0
0.3945908598216849 0.6821884151633828 0.0 1 0
0.8733228397158442 0.4194714687437741 0.0 1 0
0.8011684723108593 0.8848867064544057 0.0 1 0
0.3467635778596042 0.7749113583563222 0.0 1 0
0.7624562167734484 0.6121648797799022 0.0 1 0
0.01011894243559028 0.5949382565109486 0.0 1 0
0.7937482036070452 0.6772005782383808 0.0 1 0
0.4686073575679404 0.7420222521088168 0.0 1 0
0.5938403806628814 0.8272676638002049 0.0 1 0
0.2463798705732808 0.2354670567886077 0.0 1 0
0.3770277124160709 0.5886853090668124 0.0 1 0
0.4954609104993682 0.6233730164115665 0.0 1 0
0.4644365987367639 0.30444725199583234 0.0 1 0
0.8040051217667646 0.5470959376962372 0.0 1 0
0.3943611413839301 0.3678642749435641 0.0 1 0
0.6740807728171576 0.6648222759929253 0.0 1 0
0.8050794525973689 0.3656883122484674 0.0 1 0
0.317951404189504 0.7921819065837307 0.0 1 0
0.5294864085984641 0.5953050495164502 0.0 1 0
0.4206423258372981 0.8676950787110663 0.0 1 0
0.3096361132764657 0.3365922061770218 0.0 1 0
0.8048826260214543 0.4053891870540838 0.0 1 0
0.7095575887582628 0.6212250886411305 0.0 1 0
0.5657686456779438 0.9295233437551916 0.0 1 0
0.6482806449249862 0.9345001966533932 0.0 1 0
0.4860319530032647 0.6849646144267642 0.0 1 0
0.5092528930567756 0.8687763197191112 0.0 1 0
0.4783318945094257 0.3445587897619084 0.0 1 0
0.7746653399438697 0.5952593845239574 0.0 1 0
0.2836619374414389 0.27655287026838943 0.0 1 0
0.4210821117864579 0.8647756449442005 0.0 1 0
0.5140224645453707 0.3386477564493774 0.0 1 0
0.6788225479680934 0.6035195068479563 0.0 1 0
0.6189622981384993 0.4345752298076665 0.0 1 0
0.7641745006902403 0.9383613085776866 0.0 1 0
0.5514123745166513 0.8680953538003436 0.0 1 0
0.5557366281147684 0.8590095464556823 0.0 1 0
0.8877726135145222 0.4570295200447082 0.0 1 0
0.8184761450764662 0.5535042317039142 0.0 1 0
0.6527139884312669 0.5003056608386355 0.0 1 0
0.6150610191267007 0.4212189051583967 0.0 1 0
0.7949777781654294 0.8275333245782951 0.0 1 0
0.4157541441134032 0.5877559376389117 0.0 1 0
0.3929493618444235 0.8156544926317024 0.0 1 0
0.8257997514339447 0.0 0.0 1 0
0.6070720029158196 0.4651112089884895 0.0 1 0
0.7187609887729101 0.5782106840910471 0.0 1 0
0.6103163753883499 0.9436659619073344 0.0 1 0
0.7162730203286601 0.9523938904054868 0.0 1 0
0.172718876285302 0.9246781426496296 0.0 1 0
0.3727979653522165 0.7060301613469213 0.0 1 0
0.3749745876187165 0.7527729835627333 0.0 1 0
0.5820373018710799 0.6549225779074889 0.0 1 0
0.5522664976546324 0.5577698985203946 0.0 1 0
0.6256585907006615 0.949604452233388 0.0 1 0
0.41902626417777 0.8257077166683798 0.0 1 0
0.38263818151961065 0.8643273423803663 0.0 1 0
0.52174381849061 0.7624062758568504 0.0 1 0
0.5362647621315356 0.53908904539987 0.0 1 0
0.8759590530089083 0.4171378059590821 0.0 1 0
0.6278385391276429 0.7973113219617464 0.0 1 0
0.31112700115168923 0.7498009808316419 0.0 1 0
0.4567306434599431 0.4603901288907768 0.0 1 0
0.33814858323312297 0.6910263799858777 0.0 1 0
0.42024089849993657 0.6880980588075436 0.0 1 0
0.1169251635822008 0.6774492166349573 0.0 1 0
0.7407385889644019 0.39177161022122176 0.0 1 0
0.4988846593334048 0.6264708108454087 0.0 1 0
0.2557369668559173 0.7824082495619938 0.0 1 0
0.6862343905473215 0.3474074805149094 0.0 1 0
0.6869334791483583 0.6212192665303589 0.0 1 0
0.4473105370101274 0.5540355532611704 0.0 1 0
0.6744551234864938 0.8773409253666459 0.0 1 0
0.5507857057735217 0.14569305898185192 0.0 1 0
0.4852215770319861 0.6857483350265439 0.0 1 0
0.7988700014086664 0.601907323633774 0.0 1 0
0.6812216603959089 0.5260510366272598 0.0 1 0
0.6060226866451963 0.4720625993396802 0.0 1 0
0.7986649625966653 0.4415007314776981 0.0 1 0
0.4329200552861606 0.27935654026873125 0.0 1 0
0.6087917762923183 0.9283515899646552 0.0 1 0
0.669541770945092 0.5818559726121859 0.0 1 0
0.3480536906825574 0.3715185966996706 0.0 1 0
0.3702444202400129 0.7472682451086445 0.0 1 0
0.7684965493327146 0.4139870399806502 0.0 1 0
0.6657879282588447 0.9329067003839232 0.0 1 0
0.4656557112587042 0.9229055440084268 0.0 1 0
0.7815194150598395 0.6971745294275198 0.0 1 0
0.3875580979621565 0.499519872075315 0.0 1 0
0.5659473480556342 0.3605016762288083 0.0 1 0
0.4705709659881645 0.7761101452562363 0.0 1 0
0.5623994896496752 0.5980883611541561 0.0 1 0
0.6038276304443501 0.5235330077743443 0.0 1 0
0.5976820402812822 0.42351143171528577 0.0 1 0
0.5474540277661684 0.8845927787443191 0.0 1 0
0.5122596079574431 0.6828194752169834 0.0 1 0
0.5731140507690418 0.5030256988646038 0.0 1 0
0.6671552854248918 0.4543994783383878 0.0 1 0
0.392444285544054 0.7984613503619907 0.0 1 0
0.6442894241614536 0.7418886143469388 0.0 1 0
0.5911854963651813 0.935503995535408 0.0 1 0
0.4180553496628373 0.43417556562172704 0.0 1 0
0.17784558760392935 0.5935108914777663 0.0 1 0
0.6086282922177741 0.5199503799119658 0.0 1 0
0.21175769557069296 0.3708191994816245 0.0 1 0
0.5958765343821164 0.5818463563166975 0.0 1 0
0.6798832081992934 0.8852772865667909 0.0 1 0
0.6904898105112949 0.543138417156221 0.0 1 0
0.19877558406892853 0.2336859118680066 0.0 1 0
0.2024420638810608 0.8090699004827369 0.0 1 0
0.17881483662455866 0.6008535215034403 0.0 1 0
0.6380279236906752 0.4952019085770886 0.0 1 0
0.7171596647581917 0.9146653159366348 0.0 1 0
0.7425854944253721 0.5493478761548259 0.0 1 0
0.2676961788059239 0.32730162611608704 0.0 1 0
0.65592780883085 0.6657933499849535 0.0 1 0
0.6727081536944903 0.7008360350941287 0.0 1 0
0.5883048396008027 0.5058075559362257 0.0 1 0
0.5508965761801955 0.9116505983498399 0.0 1 0
0.43704640808653017 0.7061110222864005 0.0 1 0
0.4873033326361334 0.7686025186455521 0.0 1 0
0.7037357301427698 0.4625231378143124 0.0 1 0
0.5932029871365555 0.7869816470924491 0.0 1 0
0.6833682346735399 0.6708716008718579 0.0 1 0
0.33177969427198584 0.3684714995790452 0.0 1 0
0.5830056012391173 0.019826054941979247 0.0 0 1
0.9413359551901296 0.03334042768367118 0.0 0 1
0.3604966882184417 0.02776155133818261 0.0 0 1
0.6197462397415264 0.1801867130991701 0.0 0 1
0.4139294543294679 0.13614604004574912 0.0 0 1
0.8523417947801861 0.4604722150863508 0.0 0 1
0.5237165870992743 0.0010126363786737717 0.0 0 1
0.7897097539567175 0.0 0.0 0 1
0.4678475856167426 0.34033243029351457 0.0 0 1
0.7676985604442268 0.5134764809789923 0.0 0 1
0.15927291340620472 0.4622835247769239 0.0 0 1
0.20774310735281648 0.5437755507871291 0.0 0 1
0.5360806831186407 0.32874080992046384 0.0 0 1
0.5683891003664793 0.039261866611773714 0.0 0 1
0.775722371558838 0.4799161960997717 0.0 0 1
0.445215405689212 0.15089532210585138 0.0 0 1
0.7264289257868299 0.042536615325082766 0.0 0 1
0.0231534367542652 0.014986114264782491 0.0 0 1
0.4939301849386246 0.4812324245019722 0.0 0 1
0.8350613752835937 0.40038959736595664 0.0 0 1
0.4602017567840644 0.4645032905969014 0.0 0 1
0.7791153571711132 0.016007681778747326 0.0 0 1
0.505348775944119 0.015745260766007442 0.0 0 1
0.4714296219096161 0.6148803500399334 0.0 0 1
0.8531286389753951 0.24357412533155764 0.0 0 1
0.3980670626730137 0.4298456189109808 0.0 0 1
0.6294513395868254 0.6160958086619652 0.0 0 1
0.8584032974579363 0.4178798239958101 0.0 0 1
0.6298689988356159 0.09301555123462664 0.0 0 1
0.4776566498813122 0.14953549913844733 0.0 0 1
0.5352718280407953 0.6510575865022812 0.0 0 1
0.35257809064674545 0.20454963861778613 0.0 0 1
0.6749542577126291 0.4163704579900884 0.0 0 1
0.8112845472959986 0.3544443085953091 0.0 0 1
0.6978662203014872 0.16359262701852773 0.0 0 1
0.6817485072269422 0.5168113461303305 0.0 0 1
0.4733356019717661 0.5279544608003858 0.0 0 1
0.2116387159000101 0.04641495378120622 0.0 0 1
0.6082655847626318 0.028943928886919393 0.0 0 1
0.6266237635562925 0.3775635107009898 0.0 0 1
0.5546770890894674 0.6676855361287849 0.0 0 1
0.5397582065441919 0.03692684819143916 0.0 0 1
0.4757302196079002 0.03553058456573458 0.0 0 1
0.8182605637281525 0.007685186802439871 0.0 0 1
0.6262716546954773 0.0167502139626034 0.0 0 1
0.4228236896973268 0.06389141719459808 0.0 0 1
0.7919596392964626 0.3083040772248327 0.0 0 1
0.5333795137647733 0.0286481541767984 0.0 0 1
0.6100029655253538 0.02502153842655092 0.0 0 1
0.694553688475614 0.032761346885842715 0.0 0 1
0.7661136658464792 0.09946061524547266 0.0 0 1
0.4847761184905368 0.09656437217261836 0.0 0 1
0.3285427802571961 0.07477686758771003 0.0 0 1
0.5478433426734024 0.8735019064701556 0.0 0 1
0.387684912711936 0.06046977362528221 0.0 0 1
0.5572001747901232 0.6264018412203689 0.0 0 1
0.4569212627562606 0.0470009845496228 0.0 0 1
0.4505339330895221 0.663446091379941 0.0 0 1
0.6379630231522531 0.8247952072379849 0.0 0 1
0.5665594088907313 0.9084927005443388 0.0 0 1
0.4798840802134658 0.009655747521011438 0.0 0 1
0.6728121399909389 0.9299588376731768 0.0 0 1
0.7071484153190303 0.1577181159783528 0.0 0 1
0.053896339655199806 0.0 0.0 0 1
0.1206501012990166 0.003202161167681486 0.0 0 1
0.7320939101417223 0.003989389104187017 0.0 0 1
0.5693519364518566 0.11355557945223355 0.0 0 1
0.4321157331530059 0.06632608053044796 0.0 0 1
0.12596829936856754 0.6905054951027382 0.0 0 1
0.9203077494440314 0.029999352718243312 0.0 0 1
0.942902839622295 0.5739087908055118 0.0 0 1
0.6891824851095549 0.045664307628415085 0.0 0 1
0.3765343820760518 0.6985057649692729 0.0 0 1
0.4727169803146215 0.62210291909522 0.0 0 1
0.5943440801414179 0.6646692030517835 0.0 0 1
0.5160272730882739 0.033891673798746275 0.0 0 1
0.7842256584436079 0.01819776331736041 0.0 0 1
0.6212817304254855 0.1365401521902166 0.0 0 1
0.4770475369264678 0.6202397819375238 0.0 0 1
0.9213339983613954 0.016138892285117272 0.0 0 1
0.7647726011864386 0.4382853199880791 0.0 0 1
0.9157928401286456 0.2505181139897297 0.0 0 1
0.5763331698134823 0.6293535093463495 0.0 0 1
0.5521459680825195 0.4734075070301066 0.0 0 1
0.6831616125503723 0.0234747524147356 0.0 0 1
0.5654868311289032 0.2179699805094573 0.0 0 1
0.8175520850257214 0.2142071157843816 0.0 0 1
0.6466327432773398 0.2363284304389805 0.0 0 1
0.7350122864064705 0.8255518077139354 0.0 0 1
0.365988737248212 0.3995939686715931 0.0 0 1
0.08073496112779792 0.3222465241461651 0.0 0 1
0.6531571892874105 0.022519384583842027 0.0 0 1
0.8323772223489493 0.05066861531372525 0.0 0 1
0.32942133459733425 0.17791207447625815 0.0 0 1
0.5250268144440722 0.04866689223957967 0.0 0 1
0.42891192944833423 0.06624803724531288 0.0 0 1
0.487648125573912 0.01924009119483179 0.0 0 1
0.27563567803133243 0.16809599496991454 0.0 0 1
0.5966830463427171 0.5518868263777866 0.0 0 1
0.2837593482734255 0.5830018453380447 0.0 0 1
0.4846494079156232 0.7328524269465249 0.0 0 1
0.5270241616325718 0.07350001546710874 0.0 0 1
0.3900059861616799 0.19219953539509627 0.0 0 1
0.5077213054083665 0.0979228991813771 0.0 0 1
0.7720176379451089 0.5452165109057743 0.0 0 1
0.6837984848555325 0.0038520812861594133 0.0 0 1
0.5868986612637273 0.05419977992418551 0.0 0 1
0.472258967941865 0.1813134812283788 0.0 0 1
0.5633431652961775 0.6175816114438211 0.0 0 1
0.8434715489746558 0.015442704774810525 0.0 0 1
0.4813670793454884 0.6106197363407535 0.0 0 1
0.4707311121331413 0.7056591523290953 0.0 0 1
0.6392888484412532 0.7322411052692539 0.0 0 1
0.31195889152964185 0.12321916173260825 0.0 0 1
0.5480900078439422 0.880404399829538 0.0 0 1
0.6025452802775523 0.7224945615435192 0.0 0 1
0.6631846086615022 0.010095109577518992 0.0 0 1
0.4844944413235126 0.5544184173239655 0.0 0 1
0.2948124281180095 0.6221384751482338 0.0 0 1
0.545861211842798 0.027154326701948468 0.0 0 1
0.6279652497025564 0.16017850592978894 0.0 0 1
0.8711997974020198 0.15587480132042433 0.0 0 1
0.733952213473447 0.14487470748998266 0.0 0 1
0.8158741508759058 0.4799355982911397 0.0 0 1
0.9318288177520884 0.053148159332465465 0.0 0 1
0.4855172208318668 0.020837557127625216 0.0 0 1
0.4100808452026533 0.016138892285117272 0.0 0 1
0.6526595955981362 0.01710446703717968 0.0 0 1
0.4774218875968646 0.5699877016457621 0.0 0 1
0.6566340235911409 0.05540401336197474 0.0 0 1
0.7093012902440571 0.04204768871216686 0.0 0 1
0.5543212398771686 0.7955524549959073 0.0 0 1
0.56983056558923 0.5128581326163075 0.0 0 1
0.5255318907444417 0.032277784570234544 0.0 0 1
0.9170830535615858 0.3148364860064428 0.0 0 1
0.7136023369442124 0.012680558224005344 0.0 0 1
0.6098200452869437 0.8734344326589806 0.0 0 1
0.3509017598216947 0.4744834331824478 0.0 0 1
0.7030836268192685 0.028691364062466574 0.0 0 1
0.6598736741750881 0.0 0.0 0 1
0.06425627679708565 0.026581704940148856 0.0 0 1
0.4223134529741591 0.5077876760364821 0.0 0 1
0.5064652603980696 0.6863919794599465 0.0 0 1
0.6142990505704381 0.08607409218729213 0.0 0 1
0.4596194335197097 0.2462963481267155 0.0 0 1
0.4670480276490272 0.7888494926030492 0.0 0 1
0.6328108083612506 0.056344553767305273 0.0 0 1
0.021730599858682958 0.06282877408116144 0.0 0 1
0.5712935452186543 0.6963839268769881 0.0 0 1
0.6976924334762101 0.5126107932703728 0.0 0 1
0.14977033626091762 0.8549770317712474 0.0 0 1
0.7209769930546881 0.0460717096002355 0.0 0 1
0.4188374587387877 0.2701207540108531 0.0 0 1
0.6917019936328181 0.2036574502648825 0.0 0 1
0.6680980945194097 0.0208012389452264 0.0 0 1
0.4361485986849569 0.6817223656818326 0.0 0 1
0.9029038044079206 0.1490356966581442 0.0 0 1
0.8438290573533592 0.020337628489385917 0.0 0 1
0.14410349348080773 0.3984679994422988 0.0 0 1
0.0942010103641804 0.276275952677486 0.0 0 1
0.044333214158040486 0.04974576210231084 0.0 0 1
0.7882686970998231 0.4400293434401388 0.0 0 1
0.6112685927671606 0.02544248901415324 0.0 0 1
0.2829689973954849 0.2965758794046613 0.0 0 1
0.6490473872605125 0.06686112518124625 0.0 0 1
0.4890136996173752 0.4157328609567104 0.0 0 1
0.2436962723978784 0.2000960222340726 0.0 0 1
0.6913147684691309 0.15254241893216233 0.0 0 1
0.5748516561689943 0.0474204489365453 0.0 0 1
0.7727150843439411 0.061376696417691876 0.0 0 1
0.5906397496761574 0.02367037535150534 0.0 0 1
0.4034437249783293 0.15412966206408527 0.0 0 1
0.7426515654532712 0.2560704242571941 0.0 0 1
0.2524132999643786 0.2500017171958919 0.0 0 1
0.8185583667999795 0.3430305732760791 0.0 0 1
0.6655954909675564 0.05759369403707884 0.0 0 1
0.1191753068766354 0.10759261523411516 0.0 0 1
0.21289878857555536 0.19081485496902967 0.0 0 1
0.1585752518503234 0.01731978684255438 0.0 0 1
0.5943440801414179 0.02848039815021328 0.0 0 1
0.4787529122009523 0.7099002946333371 0.0 0 1
0.6403427814413011 0.5704940198358585 0.0 0 1
0.6431014620202905 0.4807433671595098 0.0 0 1
0.2721935292115015 0.16763195114274748 0.0 0 1
0.7098662620520776 0.041462520017099116 0.0 0 1
0.6079940147510479 0.8700656151935697 0.0 0 1
0.275405915204947 0.21518523046823032 0.0 0 1
0.5632240088463146 0.041708742201904056 0.0 0 1
0.3896944256849548 0.06468839952962177 0.0 0 1
0.3462298040422165 0.09270651367427946 0.0 0 1
0.4118242502619908 0.03905213441831245 0.0 0 1
0.943356260392668 0.014430068396123841 0.0 0 1
0.7508742947084972 0.002200758038874737 0.0 0 1
0.5069955905136697 0.7115036355657736 0.0 0 1
0.07683620046948167 0.7446150992234268 0.0 0 1
0.56079326410129 0.5448439992376486 0.0 0 1
0.5515433202240759 0.09495673832872577 0.0 0 1
0.6913693824106754 0.007300927462310345 0.0 0 1
0.5140666587220243 0.04012913757380802 0.0 0 1
0.5295725011495187 0.5391857195251176 0.0 0 1
0.6674583312055378 0.030932876879808106 0.0 0 1
0.13913366562188725 0.695098337489337 0.0 0 1
0.5396888823462062 0.1917680142117732 0.0 0 1
0.6760185036786284 0.16444553123860334 0.0 0 1
0.4897536951279342 0.0 0.0 0 1
0.6589983031711673 0.02356790619418049 0.0 0 1
0.6450043956689736 0.014547733890849337 0.0 0 1
0.5081162881168876 0.7072691914634635 0.0 0 1
0.5108638807691341 0.5737850880661062 0.0 0 1
0.5797849962595438 0.3602360154507181 0.0 0 1
0.7625906003182702 0.0 0.0 0 1
0.010999439434699606 0.7568726663974066 0.0 0 1
0.8566321058274989 0.4584170752443168 0.0 0 1
0.3862355427268329 0.21675975654466964 0.0 0 1
0.6450625089015085 0.01909768920405544 0.0 0 1
0.24840400723271355 0.06782420555259708 0.0 0 1
0.1872188640653528 0.2402067688942433 0.0 0 1
0.7336635031044921 0.2633573786528889 0.0 0 1
0.41820317687350345 0.24046949504824736 0.0 0 1
0.286251993348947 0.6056297570767858 0.0 0 1
0.6618026512347829 0.07619058450883946 0.0 0 1
0.5944871247067617 0.048800936195427545 0.0 0 1
0.4005629194128663 0.11876569450884092 0.0 0 1
0.4158270224586659 0.03900232302236674 0.0 0 1
0.9169465976754696 0.09789745649872153 0.0 0 1
0.2703994849149813 0.08531639771382607 0.0 0 1
0.4237649582539232 0.4479650180154155 0.0 0 1
0.3153523955693036 0.16112650183843286 0.0 0 1
0.8316052913834266 0.4482622666156844 0.0 0 1
0.6739775567880789 0.02819198905504766 0.0 0 1
0.6414407422587483 0.8715001833963327 0.0 0 1
0.7742819687761064 0.010759261523411516 0.0 0 1
0.5531282148228842 0.41429340348728905 0.0 0 1
0.4933780817393514 0.037555912864782964 0.0 0 1
0.3212459435872159 0.22341290104546305 0.0 0 1
0.4249872699106149 0.7702880604608346 0.0 0 1
0.5314273503224064 0.3884464418973687 0.0 0 1
0.9456623324485256 0.026346396807350268 0.0 0 1
0.4789845180443442 0.6428033221776465 0.0 0 1
0.4969193183172684 0.06563149529281025 0.0 0 1
0.512371209412514 0.4669274972486676 0.0 0 1
0.42576149515952455 0.04472223163341342 0.0 0 1
0.9111454757173836 0.0181481519671807 0.0 0 1
0.5663653670443126 0.05847975086845659 0.0 0 1
0.5210493385770717 0.016401313297857163 0.0 0 1
0.548007786120429 0.3321921995353305 0.0 0 1
0.8892092039545174 0.033094943673293443 0.0 0 1
0.5021261958157908 0.4063414435345335 0.0 0 1
0.6164764221827848 0.7976112789586408 0.0 0 1
0.5473278757158406 0.032802626595714326 0.0 0 1
0.5092360862834112 0.7207496314891852 0.0 0 1
0.5916264103561955 0.5453444300061043 0.0 0 1
0.09074537533605964 0.3116151118718061 0.0 0 1
0.6898268978667951 0.8853545749472775 0.0 0 1
0.7746563194454427 0.4638010235265996 0.0 0 1
0.7030662103953738 0.5592223399040352 0.0 0 1
0.8225479680615575 0.28771957781698737 0.0 0 1
0.7538355064876298 0.013415869307003123 0.0 0 1
0.7156804910022985 0.01588271939169759 0.0 0 1
0.5439671757153519 0.05341204827698185 0.0 0 1
0.616844209156745 0.4937593631651804 0.0 0 1
0.497150487854892 0.3817441880771963 0.0 0 1
0.561286594441309 0.6488084914001909 0.0 0 1
0.5992091354332785 0.4900001031144169 0.0 0 1
0.8126805543617835 0.23510978884543635 0.0 0 1
0.2356885699799183 0.662069906765881 0.0 0 1
0.3553900514931047 0.043316507431873166 0.0 0 1
0.703869464270788 0.561944562699193 0.0 0 1
0.6351628128695095 0.007085367344687206 0.0 0 1
0.36867527313425663 0.2825926520610769 0.0 0 1
0.4702260358317111 0.5757455991948989 0.0 0 1
0.7838038049422731 0.0002445286709869188 0.0 0 1
0.4929659483649026 0.10820393691138608 0.0 0 1
0.624343181546973 0.055018950972029836 0.0 0 1
0.4825277572346911 0.07838890538480921 0.0 0 1
0.4052233244740868 0.048416676855351816 0.0 0 1
0.6616118347829418 0.02689815380852879 0.0 0 1
0.5163543572598029 0.02087037476223091 0.0 0 1
0.6518239239006984 1.0 0.0 0 1
0.7471099988083779 0.013297963680623387 0.0 0 1
0.4182902589940373 0.5698655376647375 0.0 0 1
0.3553850726468528 0.00927986306394243 0.0 0 1
0.598545126547639 0.07399737006919692 0.0 0 1
0.25031581456323443 0.20142338433408447 0.0 0 1
0.6976077351948492 0.5128164300521799 0.0 0 1
0.7531866152887858 0.8841722025241453 0.0 0 1
0.8131728439204654 0.04423251959623538 0.0 0 1
0.698899330916265 0.0920792614096213 0.0 0 1
0.8418020469082155 0.004766761434427726 0.0 0 1
0.5368961075069972 0.2532856742159671 0.0 0 1
0.35132733337135513 0.03434687332476158 0.0 0 1
0.3833176742521098 0.037348241150275116 0.0 0 1
0.8514744633803528 0.4437597641651167 0.0 0 1
0.6764234355402777 0.2642980948344268 0.0 0 1
0.7184767770659858 0.1079594082406929 0.0 0 1
0.5626673177707574 0.2368349640219612 0.0 0 1
0.6071365461347805 0.046448519259587435 0.0 0 1
0.4565772297560818 0.03848018238966358 0.0 0 1
0.7026529661500991 0.034484812575056215 0.0 0 1
0.3044576981826507 0.5615367390594329 0.0 0 1
0.4750146706313419 0.05260083411446825 0.0 0 1
0.3613476560386062 0.08171915299926509 0.0 0 1
0.5968739182002668 0.04640741717328839 0.0 0 1
0.3466430482874912 0.6896686636506779 0.0 0 1
0.7393636038608982 0.83001725285559 0.0 0 1
0.5343533095801947 0.7790188905263178 0.0 0 1
0.4780202814706222 0.02041814402741256 0.0 0 1
0.5151065216939347 0.7530217270912819 0.0 0 1
