0.31 0.29 0.35 1 0 0 0 0 0
0.63 0.6 0.54 1 0 0 0 0 0
0.57 0.75 0.7 1 0 0 0 0 0
0.43 0.68 0.58 1 0 0 0 0 0
0.99 0.83 0.85 1 0 0 0 0 0
0.61 0.73 0.7 1 0 0 0 0 0
0.51 0.6 0.52 1 0 0 0 0 0
0.86 0.83 0.81 1 0 0 0 0 0
0.57 0.57 0.53 1 0 0 0 0 0
0.59 0.83 0.81 1 0 0 0 0 0
0.83 0.93 0.95 1 0 0 0 0 0
0.49 0.61 0.63 1 0 0 0 0 0
0.68 0.73 0.68 1 0 0 0 0 0
0.53 0.52 0.44 1 0 0 0 0 0
0.57 0.66 0.71 1 0 0 0 0 0
0.54 0.57 0.6 1 0 0 0 0 0
0.82 0.88 0.86 1 0 0 0 0 0
0.83 0.76 0.71 1 0 0 0 0 0
0.75 0.76 0.81 1 0 0 0 0 0
0.68 0.75 0.73 1 0 0 0 0 0
0.62 0.79 0.87 1 0 0 0 0 0
0.78 0.69 0.73 1 0 0 0 0 0
0.78 0.85 0.93 1 0 0 0 0 0
0.59 0.68 0.67 1 0 0 0 0 0
0.62 0.6 0.63 1 0 0 0 0 0
0.58 0.6 0.59 1 0 0 0 0 0
0.78 0.78 0.74 1 0 0 0 0 0
0.68 0.71 0.63 1 0 0 0 0 0
0.8 0.66 0.69 1 0 0 0 0 0
0.59 0.71 0.66 1 0 0 0 0 0
0.56 0.67 0.56 1 0 0 0 0 0
0.77 0.86 0.84 1 0 0 0 0 0
0.61 0.79 0.76 1 0 0 0 0 0
0.55 0.42 0.43 1 0 0 0 0 0
0.69 0.63 0.66 1 0 0 0 0 0
0.85 0.78 0.81 1 0 0 0 0 0
0.72 0.84 0.82 1 0 0 0 0 0
0.44 0.53 0.43 1 0 0 0 0 0
0.83 0.68 0.65 1 0 0 0 0 0
0.46 0.51 0.47 1 0 0 0 0 0
0.77 0.72 0.79 1 0 0 0 0 0
0.65 0.76 0.72 1 0 0 0 0 0
0.64 0.67 0.68 1 0 0 0 0 0
0.84 0.84 0.87 1 0 0 0 0 0
0.86 0.84 0.89 1 0 0 0 0 0
0.54 0.61 0.62 1 0 0 0 0 0
0.78 0.83 0.78 1 0 0 0 0 0
0.63 0.7 0.71 1 0 0 0 0 0
0.55 0.54 0.54 1 0 0 0 0 0
0.52 0.44 0.49 1 0 0 0 0 0
0.5 0.48 0.36 1 0 0 0 0 0
0.74 0.85 0.84 1 0 0 0 0 0
0.83 0.74 0.72 1 0 0 0 0 0
0.7 0.64 0.62 1 0 0 0 0 0
0.71 0.69 0.73 1 0 0 0 0 0
0.58 0.69 0.74 1 0 0 0 0 0
0.7 0.6 0.65 1 0 0 0 0 0
0.55 0.48 0.42 1 0 0 0 0 0
0.78 0.84 0.77 1 0 0 0 0 0
0.45 0.45 0.38 1 0 0 0 0 0
0.73 0.51 0.53 1 0 0 0 0 0
0.69 0.94 0.87 1 0 0 0 0 0
0.72 0.72 0.72 1 0 0 0 0 0
0.26 0.44 0.46 1 0 0 0 0 0
0.7 0.78 0.8 1 0 0 0 0 0
0.91 0.94 0.96 1 0 0 0 0 0
0.55 0.38 0.35 1 0 0 0 0 0
0.67 0.58 0.56 1 0 0 0 0 0
0.89 0.9 0.83 1 0 0 0 0 0
0.67 0.81 0.89 1 0 0 0 0 0
0.74 0.76 0.7 1 0 0 0 0 0
0.83 0.63 0.63 1 0 0 0 0 0
0.46 0.65 0.64 1 0 0 0 0 0
0.67 0.78 0.8 1 0 0 0 0 0
0.83 0.75 0.71 1 0 0 0 0 0
0.49 0.47 0.48 1 0 0 0 0 0
0.88 1.0 0.88 1 0 0 0 0 0
0.65 0.73 0.72 1 0 0 0 0 0
0.47 0.58 0.58 1 0 0 0 0 0
0.71 0.68 0.65 1 0 0 0 0 0
0.87 0.78 0.8 1 0 0 0 0 0
0.71 0.82 0.75 1 0 0 0 0 0
0.65 0.63 0.66 1 0 0 0 0 0
0.74 0.95 0.94 1 0 0 0 0 0
1.0 1.0 1.0 1 0 0 0 0 0
0.71 0.81 0.77 1 0 0 0 0 0
0.53 0.65 0.66 1 0 0 0 0 0
0.13 0.29 0.23 1 0 0 0 0 0
1.0 0.84 0.88 1 0 0 0 0 0
0.38 0.47 0.52 1 0 0 0 0 0
0.56 0.63 0.62 1 0 0 0 0 0
0.91 0.97 0.95 1 0 0 0 0 0
0.77 0.76 0.77 1 0 0 0 0 0
0.86 0.91 0.89 1 0 0 0 0 0
0.66 0.75 0.7 1 0 0 0 0 0
0.66 0.71 0.76 1 0 0 0 0 0
0.96 0.95 0.9 1 0 0 0 0 0
0.57 0.68 0.61 1 0 0 0 0 0
0.55 0.55 0.55 1 0 0 0 0 0
0.36 0.27 0.26 1 0 0 0 0 0
0.73 0.68 0.66 1 0 0 0 0 0
0.79 0.79 0.8 1 0 0 0 0 0
0.78 0.65 0.6 1 0 0 0 0 0
0.53 0.73 0.74 1 0 0 0 0 0
0.78 0.83 0.77 1 0 0 0 0 0
0.91 0.95 0.88 1 0 0 0 0 0
0.35 0.36 0.39 1 0 0 0 0 0
0.81 0.75 0.7 1 0 0 0 0 0
0.63 0.7 0.71 1 0 0 0 0 0
0.63 0.69 0.59 1 0 0 0 0 0
0.46 0.54 0.54 1 0 0 0 0 0
0.83 0.85 0.79 1 0 0 0 0 0
0.71 0.64 0.66 1 0 0 0 0 0
0.65 0.63 0.57 1 0 0 0 0 0
0.87 0.79 0.77 1 0 0 0 0 0
0.65 0.71 0.65 1 0 0 0 0 0
0.9 0.87 0.81 1 0 0 0 0 0
0.89 0.87 0.89 1 0 0 0 0 0
0.3 0.33 0.33 1 0 0 0 0 0
0.67 0.79 0.8 1 0 0 0 0 0
0.39 0.32 0.31 1 0 0 0 0 0
0.43 0.44 0.47 1 0 0 0 0 0
0.63 0.76 0.69 1 0 0 0 0 0
0.53 0.7 0.71 1 0 0 0 0 0
0.5 0.56 0.6 1 0 0 0 0 0
0.57 0.47 0.42 1 0 0 0 0 0
0.69 0.68 0.62 1 0 0 0 0 0
0.54 0.61 0.71 1 0 0 0 0 0
0.47 0.69 0.62 1 0 0 0 0 0
0.56 0.58 0.5 1 0 0 0 0 0
0.71 0.71 0.76 1 0 0 0 0 0
0.4 0.63 0.56 1 0 0 0 0 0
0.43 0.59 0.59 1 0 0 0 0 0
0.93 0.88 0.84 1 0 0 0 0 0
0.8 0.87 0.79 1 0 0 0 0 0
0.75 0.76 0.85 1 0 0 0 0 0
0.46 0.51 0.54 1 0 0 0 0 0
0.56 0.55 0.5 1 0 0 0 0 0
0.72 0.83 0.83 1 0 0 0 0 0
0.73 0.81 0.76 1 0 0 0 0 0
0.56 0.54 0.43 1 0 0 0 0 0
0.7 0.73 0.66 1 0 0 0 0 0
0.77 0.77 0.83 1 0 0 0 0 0
0.8 0.79 0.81 1 0 0 0 0 0
0.57 0.77 0.75 1 0 0 0 0 0
0.62 0.44 0.52 1 0 0 0 0 0
0.74 0.8 0.86 1 0 0 0 0 0
0.74 0.73 0.75 1 0 0 0 0 0
0.75 0.78 0.79 1 0 0 0 0 0
0.49 0.54 0.42 1 0 0 0 0 0
0.35 0.44 0.33 1 0 0 0 0 0
0.45 0.5 0.42 1 0 0 0 0 0
0.56 0.52 0.61 1 0 0 0 0 0
0.76 0.74 0.72 1 0 0 0 0 0
0.46 0.58 0.64 1 0 0 0 0 0
0.68 0.74 0.71 0 1 0 0 0 0
0.43 0.48 0.53 0 1 0 0 0 0
0.64 0.62 0.59 0 1 0 0 0 0
0.77 0.62 0.65 0 1 0 0 0 0
0.5 0.68 0.66 0 1 0 0 0 0
0.82 0.95 0.96 0 1 0 0 0 0
0.65 0.7 0.72 0 1 0 0 0 0
0.55 0.66 0.65 0 1 0 0 0 0
0.77 0.91 0.87 0 1 0 0 0 0
0.7 0.72 0.75 0 1 0 0 0 0
0.7 0.73 0.8 0 1 0 0 0 0
0.58 0.47 0.42 0 1 0 0 0 0
0.52 0.65 0.71 0 1 0 0 0 0
0.3 0.43 0.4 0 1 0 0 0 0
0.52 0.47 0.48 0 1 0 0 0 0
0.61 0.62 0.6 0 1 0 0 0 0
0.72 0.76 0.72 0 1 0 0 0 0
0.81 0.72 0.58 0 1 0 0 0 0
0.4 0.46 0.57 0 1 0 0 0 0
0.67 0.65 0.54 0 1 0 0 0 0
0.68 0.7 0.63 0 1 0 0 0 0
0.76 0.8 0.81 0 1 0 0 0 0
0.74 0.74 0.73 0 1 0 0 0 0
0.79 0.64 0.6 0 1 0 0 0 0
0.75 0.93 0.97 0 1 0 0 0 0
0.7 0.84 0.83 0 1 0 0 0 0
0.85 0.7 0.71 0 1 0 0 0 0
0.89 0.83 0.8 0 1 0 0 0 0
0.73 0.7 0.65 0 1 0 0 0 0
0.7 0.75 0.74 0 1 0 0 0 0
0.94 0.89 0.86 0 1 0 0 0 0
0.71 0.6 0.56 0 1 0 0 0 0
0.45 0.46 0.49 0 1 0 0 0 0
0.77 0.67 0.64 0 1 0 0 0 0
0.45 0.5 0.41 0 1 0 0 0 0
0.69 0.63 0.59 0 1 0 0 0 0
0.56 0.64 0.59 0 1 0 0 0 0
0.82 0.83 0.77 0 1 0 0 0 0
0.77 0.77 0.78 0 1 0 0 0 0
0.57 0.62 0.73 0 1 0 0 0 0
0.93 1.0 0.93 0 1 0 0 0 0
0.69 0.71 0.76 0 1 0 0 0 0
0.53 0.59 0.64 0 1 0 0 0 0
0.82 0.77 0.71 0 1 0 0 0 0
0.75 0.73 0.66 0 1 0 0 0 0
0.36 0.53 0.49 0 1 0 0 0 0
0.83 0.72 0.68 0 1 0 0 0 0
0.52 0.49 0.43 0 1 0 0 0 0
0.55 0.62 0.64 0 1 0 0 0 0
0.6 0.75 0.7 0 1 0 0 0 0
0.48 0.56 0.64 0 1 0 0 0 0
0.63 0.77 0.76 0 1 0 0 0 0
0.58 0.72 0.7 0 1 0 0 0 0
0.63 0.63 0.61 0 1 0 0 0 0
0.51 0.57 0.57 0 1 0 0 0 0
0.72 0.7 0.72 0 1 0 0 0 0
0.72 0.91 0.81 0 1 0 0 0 0
0.4 0.49 0.47 0 1 0 0 0 0
0.66 0.73 0.72 0 1 0 0 0 0
0.43 0.5 0.45 0 1 0 0 0 0
0.6 0.64 0.57 0 1 0 0 0 0
0.64 0.64 0.59 0 1 0 0 0 0
0.66 0.61 0.63 0 1 0 0 0 0
0.49 0.54 0.58 0 1 0 0 0 0
0.67 0.66 0.64 0 1 0 0 0 0
0.77 0.77 0.79 0 1 0 0 0 0
0.49 0.43 0.35 0 1 0 0 0 0
0.62 0.71 0.66 0 1 0 0 0 0
0.77 0.78 0.68 0 1 0 0 0 0
0.65 0.63 0.64 0 1 0 0 0 0
0.51 0.51 0.45 0 1 0 0 0 0
0.61 0.73 0.69 0 1 0 0 0 0
0.75 0.68 0.66 0 1 0 0 0 0
0.74 0.69 0.61 0 1 0 0 0 0
0.73 0.75 0.64 0 1 0 0 0 0
0.56 0.48 0.36 0 1 0 0 0 0
0.82 0.74 0.73 0 1 0 0 0 0
0.69 0.85 0.78 0 1 0 0 0 0
0.75 0.7 0.64 0 1 0 0 0 0
0.85 0.85 0.76 0 1 0 0 0 0
0.78 0.76 0.73 0 1 0 0 0 0
1.0 0.82 0.8 0 1 0 0 0 0
0.65 0.56 0.51 0 1 0 0 0 0
0.66 0.7 0.64 0 1 0 0 0 0
0.59 0.61 0.58 0 1 0 0 0 0
0.61 0.69 0.68 0 1 0 0 0 0
0.63 0.73 0.66 0 1 0 0 0 0
0.75 0.63 0.6 0 1 0 0 0 0
0.63 0.71 0.75 0 1 0 0 0 0
0.81 0.79 0.83 0 1 0 0 0 0
0.89 0.87 0.86 0 1 0 0 0 0
0.58 0.56 0.56 0 1 0 0 0 0
0.51 0.45 0.42 0 1 0 0 0 0
0.92 0.86 0.82 0 1 0 0 0 0
0.85 0.91 0.89 0 1 0 0 0 0
0.52 0.55 0.57 0 1 0 0 0 0
0.69 0.71 0.62 0 1 0 0 0 0
1.0 0.88 0.87 0 1 0 0 0 0
0.57 0.52 0.53 0 1 0 0 0 0
0.7 0.73 0.69 0 1 0 0 0 0
0.47 0.56 0.51 0 1 0 0 0 0
0.75 0.9 0.78 0 1 0 0 0 0
0.63 0.53 0.44 0 1 0 0 0 0
0.79 0.84 0.8 0 1 0 0 0 0
0.8 0.87 0.9 0 1 0 0 0 0
0.53 0.64 0.62 0 1 0 0 0 0
0.77 0.76 0.74 0 1 0 0 0 0
0.72 0.59 0.54 0 1 0 0 0 0
0.93 0.86 0.73 0 1 0 0 0 0
0.66 0.64 0.62 0 1 0 0 0 0
0.6 0.62 0.6 0 1 0 0 0 0
0.58 0.56 0.49 0 1 0 0 0 0
0.9 0.88 0.84 0 1 0 0 0 0
0.4 0.39 0.3 0 1 0 0 0 0
0.83 0.78 0.82 0 1 0 0 0 0
0.69 0.6 0.54 0 1 0 0 0 0
0.69 0.58 0.5 0 1 0 0 0 0
0.64 0.52 0.54 0 1 0 0 0 0
0.73 0.72 0.69 0 1 0 0 0 0
0.67 0.57 0.52 0 1 0 0 0 0
0.64 0.69 0.68 0 1 0 0 0 0
0.41 0.42 0.38 0 1 0 0 0 0
0.51 0.57 0.53 0 1 0 0 0 0
0.75 0.85 0.9 0 1 0 0 0 0
0.53 0.65 0.69 0 1 0 0 0 0
0.29 0.38 0.27 0 1 0 0 0 0
0.61 0.69 0.66 0 1 0 0 0 0
0.82 0.89 0.84 0 1 0 0 0 0
0.74 0.84 0.79 0 1 0 0 0 0
0.62 0.64 0.63 0 1 0 0 0 0
0.55 0.62 0.49 0 1 0 0 0 0
0.8 0.77 0.72 0 1 0 0 0 0
0.57 0.74 0.64 0 1 0 0 0 0
0.68 0.6 0.63 0 1 0 0 0 0
0.54 0.67 0.59 0 1 0 0 0 0
0.71 0.63 0.64 0 1 0 0 0 0
0.74 0.63 0.65 0 1 0 0 0 0
0.58 0.67 0.64 0 1 0 0 0 0
0.62 0.6 0.59 0 1 0 0 0 0
0.47 0.54 0.56 0 1 0 0 0 0
0.48 0.63 0.53 0 1 0 0 0 0
0.52 0.63 0.53 0 0 1 0 0 0
0.68 0.62 0.61 0 0 1 0 0 0
0.41 0.52 0.47 0 0 1 0 0 0
0.53 0.7 0.65 0 0 1 0 0 0
0.57 0.6 0.5 0 0 1 0 0 0
0.31 0.38 0.42 0 0 1 0 0 0
0.36 0.34 0.28 0 0 1 0 0 0
0.52 0.58 0.53 0 0 1 0 0 0
0.55 0.7 0.61 0 0 1 0 0 0
0.85 0.93 0.92 0 0 1 0 0 0
0.45 0.57 0.56 0 0 1 0 0 0
0.63 0.61 0.59 0 0 1 0 0 0
0.55 0.73 0.7 0 0 1 0 0 0
0.52 0.58 0.6 0 0 1 0 0 0
0.64 0.51 0.44 0 0 1 0 0 0
0.49 0.51 0.41 0 0 1 0 0 0
0.68 0.72 0.73 0 0 1 0 0 0
0.72 0.68 0.67 0 0 1 0 0 0
0.68 0.51 0.48 0 0 1 0 0 0
0.49 0.44 0.41 0 0 1 0 0 0
0.38 0.46 0.33 0 0 1 0 0 0
0.77 0.74 0.75 0 0 1 0 0 0
0.88 0.65 0.7 0 0 1 0 0 0
0.51 0.62 0.64 0 0 1 0 0 0
0.55 0.53 0.51 0 0 1 0 0 0
0.4 0.59 0.55 0 0 1 0 0 0
0.89 0.87 0.9 0 0 1 0 0 0
0.7 0.78 0.76 0 0 1 0 0 0
0.45 0.31 0.27 0 0 1 0 0 0
0.89 0.73 0.7 0 0 1 0 0 0
0.64 0.53 0.49 0 0 1 0 0 0
0.47 0.46 0.49 0 0 1 0 0 0
0.38 0.46 0.43 0 0 1 0 0 0
0.63 0.61 0.66 0 0 1 0 0 0
0.63 0.61 0.71 0 0 1 0 0 0
0.87 0.84 0.8 0 0 1 0 0 0
0.64 0.78 0.83 0 0 1 0 0 0
0.73 0.66 0.59 0 0 1 0 0 0
0.58 0.62 0.66 0 0 1 0 0 0
0.65 0.76 0.78 0 0 1 0 0 0
0.41 0.43 0.45 0 0 1 0 0 0
0.57 0.64 0.6 0 0 1 0 0 0
0.85 0.81 0.8 0 0 1 0 0 0
0.91 0.77 0.72 0 0 1 0 0 0
0.97 0.8 0.88 0 0 1 0 0 0
0.75 0.8 0.72 0 0 1 0 0 0
0.54 0.61 0.61 0 0 1 0 0 0
0.46 0.46 0.44 0 0 1 0 0 0
0.59 0.54 0.48 0 0 1 0 0 0
0.68 0.63 0.62 0 0 1 0 0 0
0.58 0.52 0.48 0 0 1 0 0 0
0.76 0.73 0.68 0 0 1 0 0 0
0.49 0.64 0.67 0 0 1 0 0 0
0.73 0.71 0.64 0 0 1 0 0 0
0.83 0.87 0.83 0 0 1 0 0 0
0.65 0.66 0.64 0 0 1 0 0 0
0.41 0.49 0.49 0 0 1 0 0 0
0.8 0.86 0.87 0 0 1 0 0 0
0.62 0.76 0.67 0 0 1 0 0 0
0.6 0.68 0.74 0 0 1 0 0 0
0.59 0.78 0.75 0 0 1 0 0 0
0.41 0.52 0.47 0 0 1 0 0 0
0.52 0.53 0.47 0 0 1 0 0 0
0.87 0.8 0.76 0 0 1 0 0 0
0.54 0.6 0.65 0 0 1 0 0 0
0.76 0.83 0.79 0 0 1 0 0 0
0.64 0.74 0.75 0 0 1 0 0 0
0.79 0.76 0.81 0 0 1 0 0 0
0.58 0.63 0.59 0 0 1 0 0 0
0.43 0.57 0.5 0 0 1 0 0 0
0.57 0.56 0.58 0 0 1 0 0 0
0.9 0.82 0.88 0 0 1 0 0 0
0.8 0.7 0.6 0 0 1 0 0 0
0.69 0.71 0.67 0 0 1 0 0 0
0.62 0.78 0.73 0 0 1 0 0 0
0.75 0.7 0.61 0 0 1 0 0 0
0.9 0.88 0.86 0 0 1 0 0 0
0.65 0.59 0.6 0 0 1 0 0 0
0.58 0.72 0.62 0 0 1 0 0 0
0.46 0.38 0.32 0 0 1 0 0 0
0.71 0.72 0.69 0 0 1 0 0 0
0.48 0.62 0.61 0 0 1 0 0 0
0.76 0.88 0.84 0 0 1 0 0 0
0.34 0.47 0.45 0 0 1 0 0 0
0.28 0.38 0.31 0 0 1 0 0 0
0.71 0.72 0.71 0 0 1 0 0 0
0.39 0.5 0.49 0 0 1 0 0 0
0.53 0.66 0.59 0 0 1 0 0 0
0.5 0.47 0.46 0 0 1 0 0 0
0.41 0.39 0.34 0 0 1 0 0 0
0.84 0.72 0.76 0 0 1 0 0 0
0.59 0.59 0.58 0 0 1 0 0 0
0.64 0.86 0.89 0 0 1 0 0 0
0.84 0.78 0.79 0 0 1 0 0 0
0.58 0.5 0.47 0 0 1 0 0 0
0.76 0.71 0.7 0 0 1 0 0 0
0.58 0.6 0.53 0 0 1 0 0 0
0.71 0.74 0.68 0 0 1 0 0 0
0.75 0.76 0.76 0 0 1 0 0 0
0.59 0.49 0.46 0 0 1 0 0 0
0.49 0.62 0.6 0 0 1 0 0 0
0.86 0.76 0.63 0 0 1 0 0 0
0.62 0.59 0.62 0 0 1 0 0 0
0.52 0.64 0.63 0 0 1 0 0 0
0.62 0.71 0.77 0 0 1 0 0 0
0.7 0.79 0.73 0 0 1 0 0 0
0.71 0.83 0.89 0 0 1 0 0 0
0.57 0.66 0.73 0 0 1 0 0 0
0.73 0.78 0.69 0 0 1 0 0 0
0.75 0.74 0.71 0 0 1 0 0 0
0.8 0.85 0.78 0 0 1 0 0 0
0.64 0.48 0.5 0 0 1 0 0 0
0.76 0.82 0.74 0 0 1 0 0 0
0.5 0.59 0.54 0 0 1 0 0 0
0.32 0.35 0.41 0 0 1 0 0 0
0.58 0.64 0.64 0 0 1 0 0 0
0.57 0.55 0.6 0 0 1 0 0 0
0.64 0.79 0.7 0 0 1 0 0 0
0.55 0.61 0.61 0 0 1 0 0 0
0.6 0.72 0.64 0 0 1 0 0 0
0.96 0.83 0.82 0 0 1 0 0 0
0.69 0.67 0.62 0 0 1 0 0 0
0.36 0.57 0.53 0 0 1 0 0 0
0.73 0.72 0.64 0 0 1 0 0 0
0.67 0.62 0.58 0 0 1 0 0 0
0.71 0.77 0.79 0 0 1 0 0 0
0.72 0.88 0.92 0 0 1 0 0 0
0.81 0.85 0.91 0 0 1 0 0 0
0.53 0.71 0.69 0 0 1 0 0 0
0.52 0.45 0.48 0 0 1 0 0 0
0.92 1.0 0.97 0 0 1 0 0 0
0.49 0.64 0.57 0 0 1 0 0 0
0.53 0.6 0.56 0 0 1 0 0 0
0.45 0.56 0.55 0 0 1 0 0 0
1.0 0.97 1.0 0 0 0 1 0 0
1.0 1.0 1.0 0 0 0 1 0 0
0.79 0.57 0.58 0 0 0 1 0 0
0.79 0.8 0.75 0 0 0 1 0 0
0.56 0.38 0.44 0 0 0 1 0 0
0.69 0.73 0.71 0 0 0 1 0 0
0.64 0.53 0.5 0 0 0 1 0 0
0.94 0.87 0.93 0 0 0 1 0 0
0.58 0.64 0.54 0 0 0 1 0 0
0.98 0.94 0.95 0 0 0 1 0 0
0.89 0.93 1.0 0 0 0 1 0 0
0.67 0.8 0.84 0 0 0 1 0 0
0.71 0.87 0.92 0 0 0 1 0 0
0.95 0.99 0.91 0 0 0 1 0 0
0.55 0.56 0.56 0 0 0 1 0 0
0.61 0.71 0.73 0 0 0 1 0 0
0.65 0.73 0.81 0 0 0 1 0 0
0.86 0.71 0.71 0 0 0 1 0 0
0.7 0.6 0.56 0 0 0 1 0 0
0.76 0.66 0.68 0 0 0 1 0 0
0.78 0.89 0.93 0 0 0 1 0 0
0.89 1.0 1.0 0 0 0 1 0 0
0.59 0.85 0.82 0 0 0 1 0 0
0.46 0.63 0.6 0 0 0 1 0 0
0.71 0.57 0.6 0 0 0 1 0 0
0.62 0.61 0.57 0 0 0 1 0 0
1.0 0.84 0.88 0 0 0 1 0 0
0.49 0.49 0.49 0 0 0 1 0 0
0.68 0.74 0.74 0 0 0 1 0 0
0.79 0.88 0.89 0 0 0 1 0 0
0.8 0.7 0.71 0 0 0 1 0 0
0.51 0.64 0.63 0 0 0 1 0 0
0.5 0.46 0.48 0 0 0 1 0 0
0.88 0.87 0.94 0 0 0 1 0 0
0.62 0.65 0.67 0 0 0 1 0 0
0.66 0.71 0.75 0 0 0 1 0 0
1.0 0.83 0.86 0 0 0 1 0 0
0.63 0.67 0.71 0 0 0 1 0 0
0.9 0.88 0.84 0 0 0 1 0 0
0.85 0.86 0.85 0 0 0 1 0 0
0.54 0.66 0.69 0 0 0 1 0 0
0.83 0.92 0.91 0 0 0 1 0 0
0.82 0.87 0.9 0 0 0 1 0 0
0.68 0.78 0.84 0 0 0 1 0 0
0.51 0.53 0.62 0 0 0 1 0 0
0.78 0.9 0.81 0 0 0 1 0 0
0.66 0.81 0.73 0 0 0 1 0 0
0.52 0.69 0.75 0 0 0 1 0 0
0.84 0.95 0.89 0 0 0 1 0 0
0.58 0.79 0.82 0 0 0 1 0 0
0.99 0.94 0.97 0 0 0 1 0 0
0.74 0.93 0.93 0 0 0 1 0 0
0.59 0.7 0.58 0 0 0 1 0 0
0.71 0.63 0.66 0 0 0 1 0 0
0.94 0.92 0.92 0 0 0 1 0 0
0.93 0.86 0.95 0 0 0 1 0 0
0.9 0.73 0.83 0 0 0 1 0 0
0.62 0.75 0.72 0 0 0 1 0 0
0.71 0.69 0.65 0 0 0 1 0 0
0.68 0.66 0.73 0 0 0 1 0 0
0.53 0.68 0.64 0 0 0 1 0 0
0.48 0.52 0.57 0 0 0 1 0 0
0.66 0.64 0.58 0 0 0 1 0 0
0.46 0.59 0.62 0 0 0 1 0 0
0.43 0.34 0.33 0 0 0 1 0 0
0.61 0.71 0.65 0 0 0 1 0 0
0.35 0.43 0.35 0 0 0 1 0 0
0.47 0.67 0.63 0 0 0 1 0 0
0.55 0.57 0.6 0 0 0 1 0 0
0.68 0.68 0.59 0 0 0 1 0 0
0.57 0.71 0.63 0 0 0 1 0 0
0.86 0.87 0.89 0 0 0 1 0 0
0.87 0.89 0.84 0 0 0 1 0 0
0.56 0.58 0.52 0 0 0 1 0 0
0.83 0.75 0.75 0 0 0 1 0 0
0.98 0.92 0.9 0 0 0 1 0 0
0.43 0.6 0.6 0 0 0 1 0 0
0.57 0.65 0.68 0 0 0 1 0 0
0.71 0.76 0.67 0 0 0 0 1 0
0.38 0.4 0.41 0 0 0 0 1 0
0.5 0.64 0.66 0 0 0 0 1 0
0.91 1.0 0.99 0 0 0 0 1 0
0.87 0.86 0.84 0 0 0 0 1 0
0.84 1.0 0.99 0 0 0 0 1 0
0.47 0.5 0.47 0 0 0 0 1 0
0.54 0.75 0.72 0 0 0 0 1 0
0.68 0.6 0.62 0 0 0 0 1 0
0.53 0.57 0.51 0 0 0 0 1 0
0.62 0.54 0.58 0 0 0 0 1 0
0.71 0.88 0.85 0 0 0 0 1 0
0.87 0.81 0.86 0 0 0 0 1 0
0.71 0.62 0.66 0 0 0 0 1 0
0.48 0.52 0.44 0 0 0 0 1 0
0.57 0.68 0.76 0 0 0 0 1 0
0.79 0.79 0.87 0 0 0 0 1 0
0.66 0.78 0.83 0 0 0 0 1 0
0.79 0.77 0.83 0 0 0 0 1 0
0.75 0.75 0.83 0 0 0 0 1 0
0.65 0.88 0.84 0 0 0 0 1 0
0.83 0.88 0.93 0 0 0 0 1 0
0.54 0.64 0.64 0 0 0 0 1 0
0.63 0.56 0.6 0 0 0 0 1 0
0.81 0.81 0.87 0 0 0 0 1 0
0.96 0.98 1.0 0 0 0 0 1 0
0.85 1.0 0.97 0 0 0 0 1 0
0.87 0.97 1.0 0 0 0 0 1 0
0.7 0.64 0.65 0 0 0 0 1 0
0.63 0.65 0.66 0 0 0 0 1 0
0.63 0.82 0.71 0 0 0 0 1 0
0.42 0.5 0.44 0 0 0 0 1 0
0.85 0.83 0.78 0 0 0 0 1 0
0.7 0.66 0.65 0 0 0 0 1 0
0.75 0.84 0.86 0 0 0 0 1 0
0.84 0.77 0.82 0 0 0 0 1 0
1.0 1.0 1.0 0 0 0 0 1 0
0.94 1.0 1.0 0 0 0 0 1 0
0.77 0.76 0.73 0 0 0 0 1 0
0.81 0.86 0.93 0 0 0 0 1 0
0.81 0.73 0.72 0 0 0 0 1 0
0.57 0.59 0.53 0 0 0 0 1 0
0.69 0.79 0.72 0 0 0 0 1 0
0.63 0.63 0.67 0 0 0 0 1 0
0.83 0.81 0.83 0 0 0 0 1 0
0.59 0.73 0.74 0 0 0 0 1 0
0.6 0.62 0.58 0 0 0 0 1 0
0.73 0.86 0.85 0 0 0 0 1 0
0.59 0.57 0.58 0 0 0 0 1 0
0.52 0.64 0.55 0 0 0 0 0 1
0.89 0.84 0.81 0 0 0 0 0 1
0.56 0.5 0.43 0 0 0 0 0 1
0.65 0.65 0.71 0 0 0 0 0 1
0.77 0.8 0.8 0 0 0 0 0 1
0.6 0.64 0.6 0 0 0 0 0 1
0.83 0.85 0.78 0 0 0 0 0 1
0.77 0.82 0.8 0 0 0 0 0 1
0.63 0.61 0.62 0 0 0 0 0 1
0.83 0.95 1.0 0 0 0 0 0 1
0.67 0.69 0.65 0 0 0 0 0 1
0.7 0.8 0.86 0 0 0 0 0 1
0.8 0.79 0.79 0 0 0 0 0 1
0.9 0.76 0.73 0 0 0 0 0 1
0.88 0.91 0.86 0 0 0 0 0 1
0.66 0.75 0.74 0 0 0 0 0 1
0.84 0.98 0.97 0 0 0 0 0 1
0.76 0.62 0.64 0 0 0 0 0 1
0.53 0.72 0.66 0 0 0 0 0 1
0.77 0.81 0.79 0 0 0 0 0 1
0.54 0.64 0.68 0 0 0 0 0 1
0.64 0.62 0.66 0 0 0 0 0 1
0.57 0.72 0.73 0 0 0 0 0 1
0.67 0.66 0.66 0 0 0 0 0 1
0.61 0.66 0.63 0 0 0 0 0 1
0.67 0.63 0.66 0 0 0 0 0 1
0.82 0.95 0.93 0 0 0 0 0 1
0.69 0.83 0.76 0 0 0 0 0 1
0.81 0.78 0.75 0 0 0 0 0 1
0.63 0.78 0.73 0 0 0 0 0 1
0.85 0.77 0.76 0 0 0 0 0 1
0.63 0.79 0.76 0 0 0 0 0 1
0.63 0.59 0.6 0 0 0 0 0 1
0.63 0.6 0.63 0 0 0 0 0 1
0.58 0.54 0.58 0 0 0 0 0 1
1.0 1.0 1.0 0 0 0 0 0 1
0.57 0.52 0.47 0 0 0 0 0 1
0.65 0.62 0.63 0 0 0 0 0 1
0.76 0.79 0.76 0 0 0 0 0 1
0.78 0.71 0.67 0 0 0 0 0 1
0.82 0.83 0.85 0 0 0 0 0 1
0.92 0.78 0.71 0 0 0 0 0 1
0.76 0.68 0.66 0 0 0 0 0 1
0.82 0.82 0.78 0 0 0 0 0 1
0.67 0.7 0.7 0 0 0 0 0 1
0.8 0.82 0.82 0 0 0 0 0 1
0.78 0.72 0.68 0 0 0 0 0 1
0.48 0.61 0.59 0 0 0 0 0 1
0.75 0.85 0.87 0 0 0 0 0 1
0.78 0.73 0.76 0 0 0 0 0 1
0.72 0.76 0.78 0 0 0 0 0 1
0.74 0.61 0.56 0 0 0 0 0 1
0.56 0.68 0.73 0 0 0 0 0 1
0.74 0.61 0.59 0 0 0 0 0 1
0.9 0.95 1.0 0 0 0 0 0 1
0.7 0.84 0.78 0 0 0 0 0 1
0.61 0.59 0.54 0 0 0 0 0 1
0.6 0.54 0.53 0 0 0 0 0 1
0.78 0.69 0.71 0 0 0 0 0 1
0.69 0.75 0.71 0 0 0 0 0 1
0.37 0.46 0.43 0 0 0 0 0 1
0.54 0.6 0.56 0 0 0 0 0 1
0.79 0.69 0.75 0 0 0 0 0 1
0.55 0.39 0.51 0 0 0 0 0 1
0.48 0.49 0.44 0 0 0 0 0 1
0.74 0.78 0.86 0 0 0 0 0 1
0.9 0.89 0.87 0 0 0 0 0 1
0.5 0.48 0.43 0 0 0 0 0 1
0.55 0.52 0.47 0 0 0 0 0 1
0.87 0.93 0.88 0 0 0 0 0 1
0.83 0.7 0.73 0 0 0 0 0 1
0.62 0.55 0.56 0 0 0 0 0 1
0.58 0.52 0.55 0 0 0 0 0 1
0.76 0.71 0.66 0 0 0 0 0 1
0.61 0.74 0.72 0 0 0 0 0 1
0.45 0.72 0.66 0 0 0 0 0 1
1.0 0.91 0.9 0 0 0 0 0 1
0.7 0.62 0.66 0 0 0 0 0 1
0.5 0.63 0.65 0 0 0 0 0 1
0.72 0.72 0.65 0 0 0 0 0 1
0.76 0.83 0.78 0 0 0 0 0 1
0.54 0.66 0.65 0 0 0 0 0 1
0.77 0.73 0.8 0 0 0 0 0 1
0.88 0.87 0.83 0 0 0 0 0 1
0.87 0.87 0.92 0 0 0 0 0 1
0.58 0.68 0.62 0 0 0 0 0 1
0.92 0.95 0.95 0 0 0 0 0 1
0.86 0.77 0.78 0 0 0 0 0 1
0.65 0.69 0.74 0 0 0 0 0 1
0.94 0.83 0.82 0 0 0 0 0 1
0.69 0.84 0.82 0 0 0 0 0 1
0.83 0.76 0.81 0 0 0 0 0 1
0.89 0.84 0.81 0 0 0 0 0 1
1.0 1.0 1.0 0 0 0 0 0 1
0.65 0.63 0.61 0 0 0 0 0 1
0.7 0.78 0.87 0 0 0 0 0 1
0.77 0.73 0.74 0 0 0 0 0 1
0.77 0.75 0.82 0 0 0 0 0 1
0.66 0.59 0.7 0 0 0 0 0 1
0.6 0.76 0.65 0 0 0 0 0 1
0.94 0.99 1.0 0 0 0 0 0 1
0.54 0.63 0.58 0 0 0 0 0 1
0.74 0.78 0.72 0 0 0 0 0 1
0.73 0.73 0.61 0 0 0 0 0 1
0.54 0.62 0.7 0 0 0 0 0 1
0.51 0.59 0.59 0 0 0 0 0 1
0.52 0.58 0.57 0 0 0 0 0 1
0.38 0.51 0.47 0 0 0 0 0 1
0.66 0.65 0.65 0 0 0 0 0 1
0.49 0.47 0.49 0 0 0 0 0 1
0.65 0.63 0.65 0 0 0 0 0 1
0.72 0.76 0.73 0 0 0 0 0 1
0.54 0.48 0.45 0 0 0 0 0 1
0.83 0.82 0.81 0 0 0 0 0 1
0.83 0.76 0.88 0 0 0 0 0 1
0.57 0.71 0.71 0 0 0 0 0 1
0.74 0.73 0.67 0 0 0 0 0 1
0.48 0.66 0.68 0 0 0 0 0 1
0.67 0.64 0.6 0 0 0 0 0 1
0.55 0.54 0.47 0 0 0 0 0 1
0.77 0.91 0.89 0 0 0 0 0 1
0.66 0.73 0.73 0 0 0 0 0 1
0.66 0.83 0.82 0 0 0 0 0 1
0.61 0.55 0.58 0 0 0 0 0 1
0.91 0.88 0.9 0 0 0 0 0 1
0.85 0.85 0.91 0 0 0 0 0 1
0.68 0.63 0.57 0 0 0 0 0 1
0.62 0.43 0.45 0 0 0 0 0 1
0.61 0.63 0.65 0 0 0 0 0 1
0.55 0.61 0.6 0 0 0 0 0 1
0.85 0.87 0.94 0 0 0 0 0 1
0.58 0.53 0.54 0 0 0 0 0 1
0.84 0.87 0.89 0 0 0 0 0 1
0.49 0.37 0.41 0 0 0 0 0 1
0.53 0.74 0.75 0 0 0 0 0 1
0.81 0.77 0.74 0 0 0 0 0 1
0.61 0.71 0.67 0 0 0 0 0 1
0.67 0.76 0.77 0 0 0 0 0 1
0.41 0.56 0.53 0 0 0 0 0 1
0.74 0.76 0.7 0 0 0 0 0 1
0.7 0.76 0.72 0 0 0 0 0 1
0.74 0.9 0.89 0 0 0 0 0 1
