0.8441558441558441 0.6 0.3138297872340425 0.693069306930693 0.064516129032258 1 0
0.5584415584415584 0.65 0.5585106382978723 0.801980198019802 0.3064516129032257 1 0
0.6493506493506493 0.6 0.4326241134751773 0.801980198019802 0.1774193548387097 1 0
0.5064935064935064 0.47 0.3528368794326241 0.8861386138613861 0.0 1 0
0.7142857142857143 0.675 0.4432624113475177 0.7970297029702971 0.2258064516129032 1 0
0.922077922077922 0.55 0.4698581560283688 0.6435643564356436 0.0 1 0
0.6623376623376623 0.7 0.4627659574468085 0.9207920792079208 0.0 1 0
0.7792207792207793 0.51 0.5638297872340425 0.7920792079207921 0.0 1 0
0.6233766233766234 0.65 0.4343971631205673 0.8910891089108911 0.032258064516129 1 0
0.5324675324675324 0.56 0.475177304964539 0.8514851485148515 0.0 1 0
0.8051948051948052 0.62 0.3705673758865248 0.806930693069307 0.0 1 0
0.8311688311688312 0.9 0.5762411347517731 0.7623762376237624 0.0 1 0
0.6233766233766234 0.65 0.4875886524822695 0.6881188118811881 0.032258064516129 1 0
0.6753246753246753 0.86 0.3528368794326241 0.801980198019802 0.0806451612903225 1 0
0.7402597402597403 0.66 0.3670212765957447 0.8316831683168316 0.0 1 0
0.7532467532467533 0.65 0.3492907801418439 0.6485148514851485 0.0967741935483871 1 0
0.6883116883116883 0.69 0.4148936170212766 0.7920792079207921 0.0 1 0
0.5194805194805194 0.7 0.3528368794326241 0.8811881188118812 0.2258064516129032 1 0
0.5844155844155844 0.575 0.4609929078014184 0.915841584158416 0.0 1 0
0.6883116883116883 0.71 0.400709219858156 0.5495049504950495 0.0 1 0
0.6623376623376623 0.55 0.3102836879432624 0.6089108910891089 0.0967741935483871 1 0
0.5064935064935064 0.7 0.5691489361702128 0.900990099009901 0.0 1 0
0.7402597402597403 0.75 0.2234042553191489 0.8564356435643564 0.032258064516129 1 0
0.7922077922077922 0.75 0.4308510638297872 0.6782178217821783 0.1612903225806451 1 0
0.7142857142857143 0.66 0.6063829787234043 0.8217821782178217 0.1935483870967742 1 0
0.5324675324675324 0.675 0.3599290780141844 0.6534653465346535 0.0 1 0
0.7532467532467533 0.75 0.50177304964539 0.801980198019802 0.1612903225806451 1 0
0.5324675324675324 0.65 0.3794326241134751 0.8316831683168316 0.3225806451612903 1 0
0.8051948051948052 0.64 0.3687943262411347 0.693069306930693 0.0 1 0
0.6753246753246753 0.68 0.3475177304964539 0.8366336633663366 0.0161290322580645 1 0
0.8181818181818182 0.725 0.4131205673758865 0.7425742574257426 0.3709677419354838 1 0
0.7012987012987013 0.54 0.4734042553191489 0.8267326732673267 0.0 1 0
0.7532467532467533 0.625 0.3900709219858156 0.7128712871287128 0.064516129032258 1 0
0.6103896103896104 0.69 0.4556737588652482 0.7722772277227723 0.0 1 0
0.3766233766233766 0.65 0.3617021276595745 1.0 0.0 1 0
0.5324675324675324 0.55 0.4166666666666667 0.7574257425742574 0.0 1 0
0.7012987012987013 0.75 0.4113475177304964 0.8168316831683168 0.2580645161290322 1 0
0.8961038961038961 0.7 0.4237588652482269 0.7475247524752475 0.2903225806451613 1 0
0.7532467532467533 0.7 0.374113475177305 0.8168316831683168 0.0 1 0
0.7272727272727273 0.6 0.425531914893617 0.8366336633663366 0.0 1 0
0.7012987012987013 0.55 0.3794326241134751 0.7821782178217822 0.2580645161290322 1 0
0.8441558441558441 0.7 0.7393617021276596 0.7772277227722773 0.1290322580645161 1 0
0.7402597402597403 0.75 0.2978723404255319 0.8613861386138614 0.2580645161290322 1 0
0.6363636363636364 0.67 0.4804964539007092 0.801980198019802 0.0 1 0
0.4805194805194805 0.65 0.4432624113475177 0.9257425742574258 0.564516129032258 1 0
0.8311688311688312 0.64 0.4663120567375886 0.5198019801980198 0.032258064516129 1 0
0.5454545454545454 0.7 0.400709219858156 0.8811881188118812 0.0 1 0
0.5844155844155844 0.64 0.5460992907801419 0.8415841584158416 0.0 1 0
0.8181818181818182 0.675 0.4468085106382978 0.8514851485148515 0.0 1 0
0.5714285714285714 0.6 0.400709219858156 0.8366336633663366 0.0 1 0
0.5584415584415584 0.61 0.3776595744680851 0.8168316831683168 0.032258064516129 1 0
0.8831168831168831 0.59 0.4911347517730496 0.7475247524752475 0.1612903225806451 1 0
0.5454545454545454 0.6 0.425531914893617 0.9603960396039604 0.1290322580645161 1 0
0.6103896103896104 0.56 0.3617021276595745 0.7079207920792079 0.0161290322580645 1 0
0.5584415584415584 0.575 0.5372340425531915 0.8960396039603961 0.1935483870967742 1 0
0.5454545454545454 0.65 0.3191489361702128 0.7425742574257426 0.0 1 0
0.6753246753246753 0.64 0.3634751773049645 0.9108910891089108 0.0 1 0
0.6623376623376623 0.7 0.5460992907801419 0.7029702970297029 0.2419354838709677 1 0
0.5714285714285714 0.59 0.4290780141843971 0.7376237623762376 0.0483870967741935 1 0
0.5324675324675324 0.65 0.3617021276595745 0.8514851485148515 0.2258064516129032 1 0
0.4415584415584415 0.59 0.3226950354609929 0.8613861386138614 0.0 1 0
0.7662337662337663 0.69 0.4804964539007092 0.900990099009901 0.0 1 0
0.8701298701298701 0.53 0.3953900709219858 0.7029702970297029 0.0483870967741935 1 0
0.5844155844155844 0.69 0.4184397163120567 0.7524752475247525 0.032258064516129 1 0
0.7402597402597403 0.6 0.6276595744680851 0.806930693069307 0.0967741935483871 1 0
0.8571428571428571 0.75 0.400709219858156 0.5643564356435643 0.4193548387096774 1 0
0.5714285714285714 0.7 0.4166666666666667 0.8910891089108911 0.0 1 0
0.6623376623376623 0.6 0.5230496453900709 0.7772277227722773 0.0967741935483871 1 0
0.8571428571428571 0.8 0.4042553191489361 0.6831683168316832 0.3709677419354838 1 0
0.8701298701298701 0.76 0.4911347517730496 0.8514851485148515 0.0 1 0
0.7662337662337663 0.75 0.375886524822695 0.7772277227722773 0.2580645161290322 1 0
0.922077922077922 0.56 0.2641843971631206 0.6188118811881188 0.2580645161290322 1 0
0.4545454545454545 0.61 0.3404255319148936 0.8613861386138614 0.0 1 0
0.5714285714285714 0.6 0.3900709219858156 0.8415841584158416 0.0 1 0
0.6883116883116883 0.65 0.3492907801418439 0.7524752475247525 0.1935483870967742 1 0
0.8181818181818182 0.7 0.3457446808510638 0.8861386138613861 0.0 1 0
0.6103896103896104 0.65 0.4485815602836879 0.8861386138613861 0.0 1 0
0.7792207792207793 0.75 0.425531914893617 0.8465346534653465 0.1451612903225806 1 0
0.8311688311688312 0.7 0.5549645390070922 0.6584158415841584 0.032258064516129 1 0
0.4415584415584415 0.59 0.3723404255319149 0.9504950495049505 0.1129032258064516 1 0
0.7012987012987013 0.625 0.4840425531914893 0.7524752475247525 0.0806451612903225 1 0
0.7662337662337663 0.89 0.4787234042553192 0.7178217821782178 0.6774193548387097 1 0
0.5324675324675324 0.56 0.4432624113475177 0.8861386138613861 0.0 1 0
0.6233766233766234 0.61 0.3936170212765957 0.9207920792079208 0.0 1 0
0.7012987012987013 0.7 0.4237588652482269 0.7920792079207921 0.1935483870967742 1 0
0.7012987012987013 0.675 0.5390070921985816 0.8415841584158416 0.0 1 0
0.5454545454545454 0.6 0.5230496453900709 0.801980198019802 0.0 1 0
0.922077922077922 0.8 0.5354609929078015 0.801980198019802 0.064516129032258 1 0
0.6753246753246753 0.6 0.5762411347517731 0.8514851485148515 0.032258064516129 1 0
0.5064935064935064 0.69 0.3900709219858156 0.7524752475247525 0.0 1 0
0.5844155844155844 0.52 0.3687943262411347 0.7326732673267327 0.4838709677419354 1 0
0.5844155844155844 0.56 0.2836879432624113 0.6831683168316832 0.0 1 0
0.6883116883116883 0.65 0.4361702127659574 0.8564356435643564 0.0 1 0
0.7662337662337663 0.675 0.4148936170212766 0.7970297029702971 0.0806451612903225 1 0
0.6233766233766234 0.62 0.4521276595744681 0.8663366336633663 0.0 1 0
0.8571428571428571 0.73 0.4929078014184397 0.7524752475247525 0.0 1 0
0.7012987012987013 0.54 0.5478723404255319 0.7722772277227723 0.0 1 0
0.5454545454545454 0.6 0.3705673758865248 0.8564356435643564 0.0 1 0
0.6623376623376623 0.65 0.4539007092198581 0.7376237623762376 0.0806451612903225 1 0
0.6753246753246753 0.76 0.5283687943262412 0.8811881188118812 0.1935483870967742 1 0
0.8441558441558441 0.775 0.4769503546099291 0.7326732673267327 0.1290322580645161 1 0
0.5844155844155844 0.65 0.4148936170212766 0.8663366336633663 0.0967741935483871 1 0
0.6753246753246753 0.54 0.4131205673758865 0.7277227722772277 0.0161290322580645 1 0
0.9090909090909092 0.78 0.4343971631205673 0.7079207920792079 0.0 1 0
0.8051948051948052 0.65 0.4095744680851064 0.7227722772277227 0.2903225806451613 1 0
0.8311688311688312 0.65 0.5372340425531915 0.6039603960396039 0.3225806451612903 1 0
0.7402597402597403 0.64 0.5372340425531915 0.7871287128712872 0.0 1 0
0.8311688311688312 0.85 0.4024822695035461 0.7673267326732673 0.0967741935483871 1 0
0.5974025974025974 0.71 0.3138297872340425 0.7920792079207921 0.2258064516129032 1 0
0.6363636363636364 0.65 0.4716312056737589 0.8465346534653465 0.0967741935483871 1 0
0.7532467532467533 0.5 0.4397163120567376 0.6039603960396039 0.1612903225806451 1 0
0.7272727272727273 0.65 0.3918439716312056 0.806930693069307 0.0 1 0
0.7272727272727273 0.6 0.4184397163120567 0.8811881188118812 0.1290322580645161 1 0
0.6753246753246753 0.69 0.3953900709219858 0.8366336633663366 0.0 1 0
0.7532467532467533 0.525 0.425531914893617 0.7623762376237624 0.0967741935483871 1 0
0.6753246753246753 0.64 0.4521276595744681 0.7970297029702971 0.0 0 1
0.7402597402597403 0.55 0.5939716312056738 0.7079207920792079 0.4838709677419354 0 1
0.8441558441558441 0.675 0.450354609929078 0.6287128712871287 0.4516129032258064 0 1
0.8701298701298701 0.5 0.5301418439716312 0.6188118811881188 0.1451612903225806 0 1
0.7532467532467533 0.5 0.4148936170212766 0.7722772277227723 0.0161290322580645 0 1
0.6493506493506493 0.72 0.3546099290780142 0.6237623762376238 0.1451612903225806 0 1
0.7012987012987013 0.55 0.3652482269503546 0.5346534653465347 0.0 0 1
0.6753246753246753 0.56 0.4078014184397163 0.7920792079207921 0.0 0 1
0.7792207792207793 0.7 0.3280141843971631 0.7673267326732673 0.4838709677419354 0 1
0.7792207792207793 0.65 0.3652482269503546 0.6534653465346535 0.3870967741935484 0 1
0.8051948051948052 0.8 0.2907801418439716 0.7178217821782178 1.0 0 1
0.7142857142857143 0.9 0.5797872340425532 0.5792079207920792 0.5483870967741935 0 1
0.5064935064935064 0.59 0.3882978723404255 0.693069306930693 0.1935483870967742 0 1
0.8311688311688312 0.6 0.4361702127659574 0.4752475247524752 0.3548387096774194 0 1
0.7142857142857143 0.8 0.5124113475177305 0.7178217821782178 0.1290322580645161 0 1
0.7792207792207793 0.75 0.4574468085106383 0.7772277227722773 0.4193548387096774 0 1
0.7402597402597403 0.62 0.4627659574468085 0.698019801980198 0.0483870967741935 0 1
0.5584415584415584 0.66 0.4379432624113475 0.7079207920792079 0.0161290322580645 0 1
0.7402597402597403 0.7 0.427304964539007 0.6089108910891089 0.032258064516129 0 1
0.7922077922077922 0.74 0.3599290780141844 0.7970297029702971 0.0 0 1
0.6623376623376623 0.65 0.5407801418439716 0.7029702970297029 0.1935483870967742 0 1
0.8441558441558441 0.75 0.3989361702127659 0.5643564356435643 0.1612903225806451 0 1
0.8311688311688312 0.625 0.5478723404255319 0.6485148514851485 0.2903225806451613 0 1
0.7922077922077922 0.65 0.5851063829787234 0.8366336633663366 0.0 0 1
0.4545454545454545 0.63 0.5 0.7722772277227723 0.0 0 1
0.9090909090909092 0.725 0.3085106382978723 0.6188118811881188 0.4193548387096774 0 1
0.8311688311688312 0.725 0.375886524822695 0.6534653465346535 0.3225806451612903 0 1
0.7662337662337663 0.7 0.3138297872340425 0.801980198019802 0.0 0 1
0.8181818181818182 0.65 0.450354609929078 0.7277227722772277 0.2258064516129032 0 1
0.6753246753246753 0.625 0.375886524822695 0.8316831683168316 0.1612903225806451 0 1
0.5324675324675324 0.55 0.3049645390070922 0.7821782178217822 0.0 0 1
0.6623376623376623 0.7 0.5301418439716312 0.8564356435643564 0.2580645161290322 0 1
0.8701298701298701 0.6 0.4202127659574468 0.3514851485148514 0.1612903225806451 0 1
0.6233766233766234 0.65 0.4539007092198581 0.7425742574257426 0.0 0 1
0.5974025974025974 0.75 0.4095744680851064 0.7277227722772277 0.5806451612903226 0 1
0.7532467532467533 0.68 0.5656028368794326 0.7524752475247525 0.0 0 1
0.8571428571428571 0.56 0.375886524822695 0.6534653465346535 0.0161290322580645 0 1
0.8571428571428571 0.89 0.4042553191489361 0.8168316831683168 0.1612903225806451 0 1
0.7402597402597403 0.65 0.4184397163120567 0.8613861386138614 0.0 0 1
0.6883116883116883 0.7 0.3599290780141844 0.7673267326732673 0.5 0 1
0.8051948051948052 0.7 0.475177304964539 0.7920792079207921 0.5806451612903226 0 1
0.6363636363636364 0.59 0.2641843971631206 0.6237623762376238 0.1290322580645161 0 1
0.8181818181818182 0.54 0.4769503546099291 0.8366336633663366 0.2903225806451613 0 1
0.8181818181818182 0.62 0.3492907801418439 0.6732673267326733 0.0 0 1
0.6493506493506493 0.7 0.4131205673758865 0.806930693069307 0.0967741935483871 0 1
0.5714285714285714 0.56 0.5141843971631206 0.7574257425742574 0.0 0 1
0.8051948051948052 0.75 0.4326241134751773 0.7623762376237624 0.2258064516129032 0 1
0.6493506493506493 0.75 0.4308510638297872 0.6336633663366337 0.4193548387096774 0 1
0.7532467532467533 0.85 0.3989361702127659 0.7227722772277227 0.4516129032258064 0 1
0.5974025974025974 0.6 0.4414893617021276 0.7128712871287128 0.1290322580645161 0 1
0.8051948051948052 0.6 0.4982269503546099 0.5099009900990099 0.2258064516129032 0 1
0.7402597402597403 0.65 0.2322695035460993 0.5693069306930693 0.1935483870967742 0 1
0.7792207792207793 0.625 0.4574468085106383 0.698019801980198 0.4516129032258064 0 1
0.8701298701298701 0.6 0.4060283687943262 0.6386138613861386 0.4193548387096774 0 1
0.7662337662337663 0.87 0.4414893617021276 0.7079207920792079 0.0 0 1
0.7662337662337663 0.8 0.4840425531914893 0.6188118811881188 0.0 0 1
0.6883116883116883 0.615 0.5 0.4702970297029702 0.3225806451612903 0 1
0.7402597402597403 0.77 0.4113475177304964 0.8118811881188119 0.0 0 1
0.7662337662337663 0.85 0.5780141843971631 0.693069306930693 0.5483870967741935 0 1
0.7402597402597403 0.825 0.5124113475177305 0.6138613861386139 0.1612903225806451 0 1
0.8961038961038961 0.7 0.450354609929078 0.7227722772277227 0.3225806451612903 0 1
0.7272727272727273 0.625 0.4414893617021276 0.7128712871287128 0.1935483870967742 0 1
0.8181818181818182 0.75 0.7216312056737588 0.7623762376237624 0.6451612903225806 0 1
0.8701298701298701 0.625 0.450354609929078 0.806930693069307 0.032258064516129 0 1
0.8701298701298701 0.76 0.375886524822695 0.7425742574257426 0.1290322580645161 0 1
0.6363636363636364 0.6 0.3333333333333333 0.6881188118811881 0.3225806451612903 0 1
0.7272727272727273 0.65 0.4539007092198581 0.7029702970297029 0.0967741935483871 0 1
0.7402597402597403 0.75 0.4893617021276595 0.5544554455445545 0.0967741935483871 0 1
0.7402597402597403 0.64 0.4060283687943262 0.7425742574257426 0.064516129032258 0 1
0.5584415584415584 0.66 0.6046099290780141 0.6732673267326733 0.4838709677419354 0 1
0.7922077922077922 0.7 0.3670212765957447 0.6831683168316832 0.3064516129032257 0 1
0.8181818181818182 0.7 0.3315602836879432 0.7128712871287128 0.6451612903225806 0 1
0.9090909090909092 0.8 0.4769503546099291 0.5544554455445545 0.4677419354838709 0 1
0.7272727272727273 0.66 0.3262411347517731 0.5198019801980198 0.3387096774193548 0 1
0.7532467532467533 0.625 0.5319148936170213 0.8465346534653465 0.0 0 1
0.6233766233766234 0.55 0.4060283687943262 0.8316831683168316 0.1612903225806451 0 1
0.5194805194805194 0.76 0.3953900709219858 0.8960396039603961 0.0 0 1
0.7012987012987013 0.62 0.4716312056737589 0.5396039603960396 0.3548387096774194 0 1
0.4935064935064935 0.6 0.4095744680851064 0.900990099009901 0.6129032258064515 0 1
0.7272727272727273 0.67 0.725177304964539 0.7425742574257426 0.3064516129032257 0 1
0.7532467532467533 0.56 0.4078014184397163 0.8168316831683168 0.4032258064516129 0 1
0.8831168831168831 0.72 0.3421985815602837 0.698019801980198 0.5483870967741935 0 1
0.7532467532467533 0.6 0.5035460992907801 0.7920792079207921 0.2903225806451613 0 1
0.8441558441558441 0.55 0.4397163120567376 0.7821782178217822 0.0967741935483871 0 1
0.7532467532467533 0.73 0.3865248226950354 0.5198019801980198 0.3225806451612903 0 1
0.8701298701298701 0.8 0.5070921985815603 0.5346534653465347 0.2419354838709677 0 1
0.5844155844155844 0.71 0.5478723404255319 0.7277227722772277 0.0 0 1
0.5714285714285714 0.55 0.3492907801418439 0.8762376237623762 0.0 0 1
0.5454545454545454 0.68 0.5585106382978723 0.6188118811881188 0.2903225806451613 0 1
0.7792207792207793 0.585 0.4078014184397163 0.7920792079207921 0.2258064516129032 0 1
0.7662337662337663 0.82 0.3120567375886525 0.4455445544554455 0.1612903225806451 0 1
0.7662337662337663 0.67 0.3617021276595745 0.801980198019802 0.1290322580645161 0 1
0.6103896103896104 0.54 0.4308510638297872 0.7524752475247525 0.0 0 1
0.8311688311688312 0.7 0.5939716312056738 0.7821782178217822 0.0 0 1
0.5844155844155844 0.55 0.4680851063829787 0.6534653465346535 0.1935483870967742 0 1
0.6233766233766234 0.62 0.4858156028368794 0.8217821782178217 0.0806451612903225 0 1
0.7792207792207793 0.7 0.5195035460992907 0.8415841584158416 0.1935483870967742 0 1
