0.8181818181818182 0.725 0.41312056737588654 0.7425742574257426 0.3709677419354838 1 0
0.4805194805194805 0.65 0.4432624113475177 0.9257425742574258 0.564516129032258 1 0
0.5324675324675324 0.65 0.3617021276595745 0.8514851485148515 0.2258064516129032 1 0
0.7272727272727273 0.6 0.41843971631205673 0.8811881188118812 0.12903225806451613 1 0
0.7402597402597403 0.6 0.6276595744680851 0.806930693069307 0.0967741935483871 1 0
0.7402597402597403 0.7 0.3404255319148936 0.7326732673267327 0.06451612903225806 1 0
0.7272727272727273 0.7 0.5212765957446809 0.7574257425742574 0.20967741935483872 1 0
0.5714285714285714 0.6 0.46631205673758863 0.8564356435643564 0.0 1 0
0.6753246753246753 0.86 0.3528368794326241 0.801980198019802 0.08064516129032258 1 0
0.7402597402597403 0.75 0.2978723404255319 0.8613861386138614 0.25806451612903225 1 0
0.7012987012987013 0.7 0.4237588652482269 0.7920792079207921 0.1935483870967742 1 0
0.6233766233766234 0.65 0.4875886524822695 0.6881188118811881 0.03225806451612903 1 0
0.6363636363636364 0.65 0.4716312056737589 0.8465346534653465 0.0967741935483871 1 0
0.8311688311688312 0.55 0.374113475177305 0.7128712871287128 0.2903225806451613 1 0
0.7532467532467533 0.75 0.50177304964539 0.801980198019802 0.16129032258064516 1 0
0.6493506493506493 0.6 0.3882978723404255 0.7821782178217822 0.25806451612903225 1 0
0.7532467532467533 0.6 0.6028368794326241 0.8514851485148515 0.0 1 0
0.8571428571428571 0.75 0.40070921985815605 0.5643564356435643 0.41935483870967744 1 0
0.5584415584415584 0.75 0.4379432624113475 0.8465346534653465 0.24193548387096772 1 0
0.8961038961038961 0.7 0.4237588652482269 0.7475247524752475 0.2903225806451613 1 0
0.7662337662337663 0.675 0.4148936170212766 0.7970297029702971 0.08064516129032258 1 0
0.5714285714285714 0.65 0.41312056737588654 0.8861386138613861 0.06451612903225806 1 0
0.5454545454545454 0.7 0.40070921985815605 0.8811881188118812 0.0 1 0
0.7922077922077922 0.75 0.4308510638297872 0.6782178217821783 0.16129032258064516 1 0
0.5194805194805194 0.7 0.3528368794326241 0.8811881188118812 0.2258064516129032 1 0
0.922077922077922 0.8 0.5354609929078015 0.801980198019802 0.06451612903225806 1 0
0.7662337662337663 0.75 0.375886524822695 0.7772277227722773 0.25806451612903225 1 0
0.6623376623376623 0.55 0.3102836879432624 0.6089108910891089 0.0967741935483871 1 0
0.8441558441558441 0.7 0.7393617021276596 0.7772277227722773 0.12903225806451613 1 0
0.6883116883116883 0.65 0.34929078014184395 0.7524752475247525 0.1935483870967742 1 0
0.5324675324675324 0.525 0.35106382978723405 0.8316831683168316 0.0 1 0
0.8441558441558441 0.6 0.31382978723404253 0.693069306930693 0.06451612903225806 1 0
0.5714285714285714 0.65 0.3882978723404255 0.9306930693069307 0.0 1 0
0.7012987012987013 0.625 0.48404255319148937 0.7524752475247525 0.08064516129032258 1 0
0.6623376623376623 0.625 0.3776595744680851 0.6188118811881188 0.2258064516129032 1 0
0.5974025974025974 0.71 0.31382978723404253 0.7920792079207921 0.2258064516129032 1 0
0.7012987012987013 0.675 0.5390070921985816 0.8415841584158416 0.0 1 0
0.7012987012987013 0.75 0.41134751773049644 0.8168316831683168 0.25806451612903225 1 0
0.8441558441558441 0.775 0.4769503546099291 0.7326732673267327 0.12903225806451613 1 0
0.8441558441558441 0.8 0.6382978723404256 0.7475247524752475 0.12903225806451613 1 0
0.6623376623376623 0.7 0.5460992907801419 0.7029702970297029 0.24193548387096772 1 0
0.6233766233766234 0.65 0.43439716312056736 0.8910891089108911 0.03225806451612903 1 0
0.5844155844155844 0.52 0.36879432624113473 0.7326732673267327 0.48387096774193544 1 0
0.6883116883116883 0.65 0.46808510638297873 0.7079207920792079 0.06451612903225806 1 0
0.5064935064935064 0.7 0.5691489361702128 0.900990099009901 0.0 1 0
0.6753246753246753 0.6 0.5762411347517731 0.8514851485148515 0.03225806451612903 1 0
0.5714285714285714 0.7 0.4166666666666667 0.8910891089108911 0.0 1 0
0.6103896103896104 0.69 0.45567375886524825 0.7722772277227723 0.0 1 0
0.6883116883116883 0.64 0.3829787234042553 0.5693069306930693 0.0 1 0
0.6883116883116883 0.69 0.4148936170212766 0.7920792079207921 0.0 1 0
0.6623376623376623 0.65 0.45390070921985815 0.7376237623762376 0.08064516129032258 1 0
0.8571428571428571 0.6 0.5354609929078015 0.7475247524752475 0.06451612903225806 1 0
0.8051948051948052 0.65 0.4095744680851064 0.7227722772277227 0.2903225806451613 1 0
0.5714285714285714 0.54 0.25 0.8663366336633663 0.0967741935483871 1 0
0.8181818181818182 0.675 0.44680851063829785 0.8514851485148515 0.0 1 0
0.6753246753246753 0.67 0.35638297872340424 0.7821782178217822 0.12903225806451613 1 0
0.6233766233766234 0.61 0.39361702127659576 0.9207920792079208 0.0 1 0
0.5844155844155844 0.575 0.46099290780141844 0.9158415841584159 0.0 1 0
0.44155844155844154 0.59 0.32269503546099293 0.8613861386138614 0.0 1 0
0.7402597402597403 0.64 0.5372340425531915 0.7871287128712872 0.0 1 0
0.922077922077922 0.55 0.4698581560283688 0.6435643564356436 0.0 1 0
0.7012987012987013 0.54 0.5478723404255319 0.7722772277227723 0.0 1 0
0.6753246753246753 0.59 0.32978723404255317 0.9405940594059405 0.0 1 0
0.5324675324675324 0.675 0.3599290780141844 0.6534653465346535 0.0 1 0
0.7532467532467533 0.7 0.374113475177305 0.8168316831683168 0.0 1 0
0.45454545454545453 0.69 0.324468085106383 0.900990099009901 0.2258064516129032 1 0
0.6623376623376623 0.5 0.39361702127659576 0.7079207920792079 0.1935483870967742 1 0
0.5844155844155844 0.65 0.4148936170212766 0.8663366336633663 0.0967741935483871 1 0
0.5714285714285714 0.6 0.3900709219858156 0.8415841584158416 0.0 1 0
0.8051948051948052 0.62 0.37056737588652483 0.806930693069307 0.0 1 0
0.7012987012987013 0.6 0.4574468085106383 0.7277227722772277 0.06451612903225806 1 0
0.6623376623376623 0.47 0.4024822695035461 0.7623762376237624 0.0 1 0
0.37662337662337664 0.65 0.3617021276595745 1.0 0.0 1 0
0.6623376623376623 0.7 0.4627659574468085 0.9207920792079208 0.0 1 0
0.5584415584415584 0.61 0.3776595744680851 0.8168316831683168 0.03225806451612903 1 0
0.7142857142857143 0.675 0.4432624113475177 0.7970297029702971 0.2258064516129032 1 0
0.6623376623376623 0.625 0.43439716312056736 0.8217821782178217 0.3870967741935484 1 0
0.7662337662337663 0.7 0.39184397163120566 0.8118811881188119 0.0 1 0
0.6753246753246753 0.64 0.36347517730496454 0.9108910891089109 0.0 1 0
0.7532467532467533 0.525 0.425531914893617 0.7623762376237624 0.0967741935483871 1 0
0.5324675324675324 0.56 0.4432624113475177 0.8861386138613861 0.0 1 0
0.5844155844155844 0.64 0.5460992907801419 0.8415841584158416 0.0 1 0
0.7792207792207793 0.51 0.5638297872340425 0.7920792079207921 0.0 1 0
0.6753246753246753 0.76 0.5283687943262412 0.8811881188118812 0.1935483870967742 1 0
0.5454545454545454 0.51 0.4698581560283688 0.6039603960396039 0.0967741935483871 1 0
0.8701298701298701 0.575 1.0 0.7920792079207921 0.25806451612903225 1 0
0.8831168831168831 0.59 0.49113475177304966 0.7475247524752475 0.16129032258064516 1 0
0.5974025974025974 0.505 0.34929078014184395 0.7722772277227723 0.0 1 0
0.7012987012987013 0.55 0.37943262411347517 0.7821782178217822 0.25806451612903225 1 0
0.7532467532467533 0.5 0.4397163120567376 0.6039603960396039 0.16129032258064516 1 0
0.6233766233766234 0.62 0.4521276595744681 0.8663366336633663 0.0 1 0
0.7402597402597403 0.66 0.3670212765957447 0.8316831683168316 0.0 1 0
0.6753246753246753 0.69 0.3953900709219858 0.8366336633663366 0.0 1 0
0.7012987012987013 0.66 0.5106382978723404 0.7871287128712872 0.0 1 0
0.5844155844155844 0.56 0.28368794326241137 0.6831683168316832 0.0 1 0
0.6883116883116883 0.71 0.40070921985815605 0.5495049504950495 0.0 1 0
0.8051948051948052 0.7 0.6985815602836879 0.7772277227722773 0.1935483870967742 1 0
0.6753246753246753 0.54 0.41312056737588654 0.7277227722772277 0.016129032258064516 1 0
0.5584415584415584 0.65 0.5585106382978723 0.801980198019802 0.30645161290322576 1 0
0.6883116883116883 0.65 0.43617021276595747 0.8564356435643564 0.0 1 0
0.5454545454545454 0.74 0.4326241134751773 0.8811881188118812 0.12903225806451613 1 0
0.7662337662337663 0.89 0.4787234042553192 0.7178217821782178 0.6774193548387097 1 0
0.8181818181818182 0.7 0.34574468085106386 0.8861386138613861 0.0 1 0
0.5454545454545454 0.6 0.425531914893617 0.9603960396039604 0.12903225806451613 1 0
0.6493506493506493 0.645 0.3475177304964539 0.806930693069307 0.0 1 0
0.8831168831168831 0.6 0.374113475177305 0.5693069306930693 0.24193548387096772 1 0
0.8961038961038961 0.8 0.4148936170212766 0.6485148514851485 0.016129032258064516 1 0
0.5844155844155844 0.69 0.41843971631205673 0.7524752475247525 0.03225806451612903 1 0
0.6493506493506493 0.6 0.4326241134751773 0.801980198019802 0.1774193548387097 1 0
0.6493506493506493 0.55 0.450354609929078 0.7871287128712872 0.0 1 0
0.8311688311688312 0.9 0.5762411347517731 0.7623762376237624 0.0 1 0
0.7402597402597403 0.75 0.22340425531914893 0.8564356435643564 0.03225806451612903 1 0
0.8311688311688312 0.7 0.5549645390070922 0.6584158415841584 0.03225806451612903 1 0
0.5584415584415584 0.55 0.374113475177305 0.7970297029702971 0.0 1 0
0.7142857142857143 0.65 0.4645390070921986 0.7673267326732673 0.0 1 0
0.4805194805194805 0.6 0.38120567375886527 0.8415841584158416 0.0 1 0
0.5324675324675324 0.65 0.37943262411347517 0.8316831683168316 0.3225806451612903 1 0
0.7272727272727273 0.6 0.3421985815602837 0.801980198019802 0.30645161290322576 1 0
0.5974025974025974 0.525 0.3617021276595745 0.8514851485148515 0.0 1 0
0.5974025974025974 0.69 0.4308510638297872 0.7524752475247525 0.0 1 0
0.8311688311688312 0.65 0.5372340425531915 0.6039603960396039 0.3225806451612903 1 0
0.7662337662337663 0.69 0.4804964539007092 0.900990099009901 0.0 1 0
0.5324675324675324 0.56 0.475177304964539 0.8514851485148515 0.0 1 0
0.7012987012987013 0.54 0.4734042553191489 0.8267326732673267 0.0 1 0
0.5064935064935064 0.47 0.3528368794326241 0.8861386138613861 0.0 1 0
0.44155844155844154 0.59 0.3723404255319149 0.9504950495049505 0.1129032258064516 1 0
0.6103896103896104 0.56 0.3617021276595745 0.7079207920792079 0.016129032258064516 1 0
0.8701298701298701 0.76 0.49113475177304966 0.8514851485148515 0.0 1 0
0.6753246753246753 0.68 0.3475177304964539 0.8366336633663366 0.016129032258064516 1 0
0.961038961038961 0.6 0.4769503546099291 0.599009900990099 0.03225806451612903 1 0
0.7012987012987013 0.8 0.35638297872340424 0.806930693069307 0.0 1 0
0.6363636363636364 0.67 0.4804964539007092 0.801980198019802 0.0 1 0
0.5454545454545454 0.6 0.5230496453900709 0.801980198019802 0.0 1 0
0.5324675324675324 0.55 0.4166666666666667 0.7574257425742574 0.0 1 0
0.5324675324675324 0.63 0.5425531914893617 0.806930693069307 0.0 1 0
0.6363636363636364 0.65 0.4769503546099291 0.806930693069307 0.0 1 0
0.7792207792207793 0.6 0.31560283687943264 0.4752475247524752 0.0 1 0
0.8051948051948052 0.64 0.36879432624113473 0.693069306930693 0.0 1 0
0.7402597402597403 0.55 0.35638297872340424 0.6237623762376238 0.24193548387096772 1 0
0.8311688311688312 0.64 0.46631205673758863 0.5198019801980198 0.03225806451612903 1 0
0.6623376623376623 0.6 0.5230496453900709 0.7772277227722773 0.0967741935483871 1 0
0.5584415584415584 0.575 0.5372340425531915 0.8960396039603961 0.1935483870967742 1 0
0.5454545454545454 0.6 0.37056737588652483 0.8564356435643564 0.0 1 0
0.8701298701298701 0.53 0.3953900709219858 0.7029702970297029 0.04838709677419355 1 0
0.987012987012987 0.7 0.34929078014184395 0.5742574257425742 0.1774193548387097 1 0
0.9090909090909091 0.78 0.43439716312056736 0.7079207920792079 0.0 1 0
0.5714285714285714 0.59 0.42907801418439717 0.7376237623762376 0.04838709677419355 1 0
0.7792207792207793 0.75 0.425531914893617 0.8465346534653465 0.14516129032258066 1 0
0.5714285714285714 0.6 0.40070921985815605 0.8366336633663366 0.0 1 0
0.5454545454545454 0.65 0.3191489361702128 0.7425742574257426 0.0 1 0
0.8571428571428571 0.8 0.40425531914893614 0.6831683168316832 0.3709677419354838 1 0
0.922077922077922 0.56 0.2641843971631206 0.6188118811881188 0.25806451612903225 1 0
0.8311688311688312 0.85 0.4024822695035461 0.7673267326732673 0.0967741935483871 1 0
0.8571428571428571 0.73 0.4929078014184397 0.7524752475247525 0.0 1 0
0.5064935064935064 0.69 0.3900709219858156 0.7524752475247525 0.0 1 0
0.7532467532467533 0.65 0.34929078014184395 0.6485148514851485 0.0967741935483871 1 0
0.6103896103896104 0.65 0.44858156028368795 0.8861386138613861 0.0 1 0
0.45454545454545453 0.61 0.3404255319148936 0.8613861386138614 0.0 1 0
0.7532467532467533 0.625 0.3900709219858156 0.7128712871287128 0.06451612903225806 1 0
0.7272727272727273 0.65 0.39184397163120566 0.806930693069307 0.0 1 0
0.7272727272727273 0.6 0.425531914893617 0.8366336633663366 0.0 1 0
0.7142857142857143 0.66 0.6063829787234043 0.8217821782178217 0.1935483870967742 1 0
0.5324675324675324 0.6 0.2783687943262411 0.900990099009901 0.0 1 0
0.4935064935064935 0.69 0.3102836879432624 0.8564356435643564 0.0 1 0
0.4935064935064935 0.69 0.3102836879432624 0.8564356435643564 0.0 1 0
0.8701298701298701 0.8 0.5070921985815603 0.5346534653465347 0.24193548387096772 0 1
0.8701298701298701 0.6 0.40602836879432624 0.6386138613861386 0.41935483870967744 0 1
0.8051948051948052 0.7 0.475177304964539 0.7920792079207921 0.5806451612903226 0 1
0.8181818181818182 0.65 0.450354609929078 0.7277227722772277 0.2258064516129032 0 1
0.6883116883116883 0.7 0.3599290780141844 0.7673267326732673 0.5 0 1
0.7272727272727273 0.65 0.45390070921985815 0.7029702970297029 0.0967741935483871 0 1
0.6233766233766234 0.55 0.40602836879432624 0.8316831683168316 0.16129032258064516 0 1
0.7532467532467533 0.6 0.5035460992907801 0.7920792079207921 0.2903225806451613 0 1
0.7532467532467533 0.66 0.3971631205673759 0.8564356435643564 0.5161290322580645 0 1
0.7792207792207793 0.65 0.36524822695035464 0.6534653465346535 0.3870967741935484 0 1
0.5194805194805194 0.55 0.29609929078014185 0.5643564356435643 0.3225806451612903 0 1
0.7792207792207793 0.585 0.4078014184397163 0.7920792079207921 0.2258064516129032 0 1
0.8311688311688312 0.7 0.5939716312056738 0.7821782178217822 0.0 0 1
0.5584415584415584 0.6 0.31382978723404253 0.594059405940594 0.4032258064516129 0 1
0.7402597402597403 0.75 0.48936170212765956 0.5544554455445545 0.0967741935483871 0 1
0.7142857142857143 0.66 0.625886524822695 0.6534653465346535 0.1935483870967742 0 1
0.8441558441558441 0.75 0.39893617021276595 0.5643564356435643 0.16129032258064516 0 1
0.7922077922077922 0.65 0.5851063829787234 0.8366336633663366 0.0 0 1
0.7532467532467533 0.56 0.4078014184397163 0.8168316831683168 0.4032258064516129 0 1
0.6493506493506493 0.75 0.4308510638297872 0.6336633663366337 0.41935483870967744 0 1
0.5714285714285714 0.56 0.5141843971631206 0.7574257425742574 0.0 0 1
0.7792207792207793 0.65 0.44858156028368795 0.7128712871287128 0.2258064516129032 0 1
0.7012987012987013 0.62 0.4716312056737589 0.5396039603960396 0.3548387096774194 0 1
0.6493506493506493 0.7 0.41312056737588654 0.806930693069307 0.0967741935483871 0 1
0.5324675324675324 0.55 0.3049645390070922 0.7821782178217822 0.0 0 1
0.6623376623376623 0.65 0.5407801418439716 0.7029702970297029 0.1935483870967742 0 1
0.7532467532467533 0.64 0.3829787234042553 0.6485148514851485 0.3548387096774194 0 1
0.7012987012987013 0.6 0.3333333333333333 0.5594059405940595 0.2258064516129032 0 1
0.7792207792207793 0.725 0.5 0.7029702970297029 0.4516129032258064 0 1
0.7792207792207793 0.7 0.3280141843971631 0.7673267326732673 0.48387096774193544 0 1
0.7662337662337663 0.85 0.5780141843971631 0.693069306930693 0.5483870967741935 0 1
0.5974025974025974 0.75 0.4095744680851064 0.7277227722772277 0.5806451612903226 0 1
0.8701298701298701 0.625 0.450354609929078 0.806930693069307 0.03225806451612903 0 1
0.8051948051948052 0.6 0.4734042553191489 0.4900990099009901 0.2903225806451613 0 1
0.8441558441558441 0.55 0.4397163120567376 0.7821782178217822 0.0967741935483871 0 1
0.5714285714285714 0.55 0.34929078014184395 0.8762376237623762 0.0 0 1
0.7792207792207793 0.625 0.4574468085106383 0.698019801980198 0.4516129032258064 0 1
0.7532467532467533 0.75 0.4787234042553192 0.5495049504950495 0.12903225806451613 0 1
0.8831168831168831 0.9 0.4858156028368794 0.7425742574257426 0.25806451612903225 0 1
0.8051948051948052 0.8 0.2907801418439716 0.7178217821782178 1.0 0 1
0.6753246753246753 0.64 0.4521276595744681 0.7970297029702971 0.0 0 1
0.7662337662337663 0.55 0.4237588652482269 0.7029702970297029 0.1935483870967742 0 1
0.7792207792207793 0.75 0.4574468085106383 0.7772277227722773 0.41935483870967744 0 1
0.6363636363636364 0.6 0.3333333333333333 0.6881188118811881 0.3225806451612903 0 1
0.7662337662337663 0.7 0.31382978723404253 0.801980198019802 0.0 0 1
0.7402597402597403 0.64 0.40602836879432624 0.7425742574257426 0.06451612903225806 0 1
0.7922077922077922 0.6 0.46099290780141844 0.693069306930693 0.5806451612903226 0 1
0.5064935064935064 0.59 0.3882978723404255 0.693069306930693 0.1935483870967742 0 1
0.7922077922077922 0.725 0.5443262411347518 0.7227722772277227 0.16129032258064516 0 1
0.7272727272727273 0.625 0.44148936170212766 0.7128712871287128 0.1935483870967742 0 1
0.5584415584415584 0.66 0.6046099290780141 0.6732673267326733 0.48387096774193544 0 1
0.8051948051948052 0.65 0.46631205673758863 0.4801980198019802 0.1935483870967742 0 1
0.8181818181818182 0.65 0.5851063829787234 0.6534653465346535 0.2903225806451613 0 1
0.8441558441558441 0.675 0.450354609929078 0.6287128712871287 0.4516129032258064 0 1
0.6233766233766234 0.65 0.45390070921985815 0.7425742574257426 0.0 0 1
0.8181818181818182 0.75 0.7216312056737588 0.7623762376237624 0.6451612903225806 0 1
0.7142857142857143 0.7 0.38475177304964536 0.5495049504950495 0.9032258064516128 0 1
0.8441558441558441 0.69 0.5 0.8613861386138614 0.2258064516129032 0 1
0.7272727272727273 1.0 0.5106382978723404 0.6584158415841584 0.6451612903225806 0 1
0.7012987012987013 0.55 0.4237588652482269 0.6237623762376238 0.4516129032258064 0 1
0.9090909090909091 0.725 0.30851063829787234 0.6188118811881188 0.41935483870967744 0 1
0.8051948051948052 0.6 0.49822695035460995 0.5099009900990099 0.2258064516129032 0 1
0.45454545454545453 0.6 0.35106382978723405 0.6435643564356436 0.25806451612903225 0 1
0.7662337662337663 0.85 0.5106382978723404 0.7871287128712872 0.03225806451612903 0 1
0.8311688311688312 0.625 0.5478723404255319 0.6485148514851485 0.2903225806451613 0 1
0.6103896103896104 0.54 0.4308510638297872 0.7524752475247525 0.0 0 1
0.7402597402597403 0.825 0.5124113475177305 0.6138613861386139 0.16129032258064516 0 1
0.7142857142857143 0.8 0.5124113475177305 0.7178217821782178 0.12903225806451613 0 1
0.8311688311688312 0.6 0.43617021276595747 0.4752475247524752 0.3548387096774194 0 1
0.9090909090909091 0.65 0.5709219858156028 0.5396039603960396 0.3870967741935484 0 1
0.6623376623376623 0.7 0.5301418439716312 0.8564356435643564 0.25806451612903225 0 1
0.7532467532467533 0.625 0.5319148936170213 0.8465346534653465 0.0 0 1
0.7792207792207793 0.7 0.5195035460992907 0.8415841584158416 0.1935483870967742 0 1
1.0 0.625 0.5390070921985816 0.801980198019802 0.0 0 1
0.45454545454545453 0.63 0.5 0.7722772277227723 0.0 0 1
0.9090909090909091 0.8 0.4769503546099291 0.5544554455445545 0.46774193548387094 0 1
0.7662337662337663 0.87 0.44148936170212766 0.7079207920792079 0.0 0 1
0.8311688311688312 0.725 0.375886524822695 0.6534653465346535 0.3225806451612903 0 1
0.7402597402597403 0.76 0.4858156028368794 0.43564356435643564 0.1935483870967742 0 1
0.7272727272727273 0.66 0.3262411347517731 0.5198019801980198 0.33870967741935487 0 1
0.6233766233766234 0.62 0.4858156028368794 0.8217821782178217 0.08064516129032258 0 1
0.7272727272727273 0.67 0.725177304964539 0.7425742574257426 0.30645161290322576 0 1
0.8571428571428571 0.8 0.43617021276595747 0.594059405940594 0.0 0 1
0.7012987012987013 0.96 0.50177304964539 0.9653465346534653 0.0 0 1
0.8961038961038961 0.7 0.450354609929078 0.7227722772277227 0.3225806451612903 0 1
0.6623376623376623 0.7 0.5283687943262412 0.6039603960396039 0.6774193548387097 0 1
0.5584415584415584 0.66 0.4379432624113475 0.7079207920792079 0.016129032258064516 0 1
0.8051948051948052 0.69 0.5212765957446809 0.5247524752475248 0.30645161290322576 0 1
0.8701298701298701 0.5 0.5301418439716312 0.6188118811881188 0.14516129032258066 0 1
0.7662337662337663 0.8 0.48404255319148937 0.6188118811881188 0.0 0 1
0.5844155844155844 0.71 0.5478723404255319 0.7277227722772277 0.0 0 1
0.7532467532467533 0.64 0.4592198581560284 0.6435643564356436 0.48387096774193544 0 1
0.6493506493506493 0.72 0.3546099290780142 0.6237623762376238 0.14516129032258066 0 1
0.8051948051948052 0.75 0.4326241134751773 0.7623762376237624 0.2258064516129032 0 1
0.4935064935064935 0.6 0.4095744680851064 0.900990099009901 0.6129032258064515 0 1
0.8571428571428571 0.89 0.40425531914893614 0.8168316831683168 0.16129032258064516 0 1
0.6753246753246753 0.56 0.4078014184397163 0.7920792079207921 0.0 0 1
0.6883116883116883 0.615 0.5 0.47029702970297027 0.3225806451612903 0 1
0.8181818181818182 0.54 0.4769503546099291 0.8366336633663366 0.2903225806451613 0 1
0.7012987012987013 0.55 0.36524822695035464 0.5346534653465347 0.0 0 1
0.8571428571428571 0.56 0.375886524822695 0.6534653465346535 0.016129032258064516 0 1
0.7142857142857143 0.9 0.5797872340425532 0.5792079207920792 0.5483870967741935 0 1
0.6363636363636364 0.59 0.2641843971631206 0.6237623762376238 0.12903225806451613 0 1
0.7012987012987013 0.61 0.5070921985815603 0.5742574257425742 0.5161290322580645 0 1
0.7272727272727273 0.65 0.50177304964539 0.5099009900990099 0.25806451612903225 0 1
0.5974025974025974 0.6 0.44148936170212766 0.7128712871287128 0.12903225806451613 0 1
0.7922077922077922 0.67 0.4148936170212766 0.7178217821782178 0.41935483870967744 0 1
0.8701298701298701 0.6 0.42021276595744683 0.35148514851485146 0.16129032258064516 0 1
0.7532467532467533 0.5 0.4148936170212766 0.7722772277227723 0.016129032258064516 0 1
0.6103896103896104 0.55 0.4875886524822695 0.5841584158415841 0.16129032258064516 0 1
0.6753246753246753 0.625 0.375886524822695 0.8316831683168316 0.16129032258064516 0 1
0.7532467532467533 0.73 0.38652482269503546 0.5198019801980198 0.3225806451612903 0 1
0.7402597402597403 0.62 0.4627659574468085 0.698019801980198 0.04838709677419355 0 1
0.7532467532467533 0.68 0.5656028368794326 0.7524752475247525 0.0 0 1
0.7922077922077922 0.69 0.29432624113475175 0.6188118811881188 0.5806451612903226 0 1
0.5454545454545454 0.68 0.5585106382978723 0.6188118811881188 0.2903225806451613 0 1
0.6753246753246753 0.64 0.3617021276595745 0.7722772277227723 0.16129032258064516 0 1
0.7662337662337663 0.63 0.38652482269503546 0.6633663366336634 0.3548387096774194 0 1
0.5194805194805194 0.76 0.3953900709219858 0.8960396039603961 0.0 0 1
0.7922077922077922 0.7 0.3670212765957447 0.6831683168316832 0.30645161290322576 0 1
0.5974025974025974 0.7 0.5514184397163121 0.594059405940594 0.2903225806451613 0 1
0.7662337662337663 0.67 0.3617021276595745 0.801980198019802 0.12903225806451613 0 1
0.7402597402597403 0.77 0.41134751773049644 0.8118811881188119 0.0 0 1
0.7402597402597403 0.55 0.5939716312056738 0.7079207920792079 0.48387096774193544 0 1
0.7142857142857143 0.64 0.36347517730496454 0.6435643564356436 0.3225806451612903 0 1
0.7922077922077922 0.74 0.3599290780141844 0.7970297029702971 0.0 0 1
0.7532467532467533 0.57 0.5638297872340425 0.693069306930693 0.7096774193548387 0 1
0.7532467532467533 0.85 0.39893617021276595 0.7227722772277227 0.4516129032258064 0 1
0.8701298701298701 0.76 0.375886524822695 0.7425742574257426 0.12903225806451613 0 1
0.5714285714285714 0.6 0.299645390070922 0.7128712871287128 0.4516129032258064 0 1
0.8181818181818182 0.7 0.33156028368794327 0.7128712871287128 0.6451612903225806 0 1
0.8181818181818182 0.62 0.34929078014184395 0.6732673267326733 0.0 0 1
0.7662337662337663 0.82 0.3120567375886525 0.44554455445544555 0.16129032258064516 0 1
0.7402597402597403 0.7 0.42730496453900707 0.6089108910891089 0.03225806451612903 0 1
0.5844155844155844 0.55 0.46808510638297873 0.6534653465346535 0.1935483870967742 0 1
0.8831168831168831 0.72 0.3421985815602837 0.698019801980198 0.5483870967741935 0 1
0.7402597402597403 0.65 0.2322695035460993 0.5693069306930693 0.1935483870967742 0 1
0.7402597402597403 0.65 0.41843971631205673 0.8613861386138614 0.0 0 1
