0.5208110992529349 0.3879837067209776 0.5080636604774535 0.260655737704918 0.2335051546391753 1 0
0.4418356456776948 0.38289205702647655 0.4170291777188329 0.19052379048380647 0.02467197750702905 1 0
0.4429028815368196 0.41776985743380857 0.4395225464190981 0.19060375849660136 0.3617619493908154 1 0
0.5072927783706865 0.4625763747454175 0.4839257294429708 0.25313874450219914 0.05798969072164949 1 0
0.4133760227676983 0.4628309572301426 0.4051989389920424 0.1634546181527389 0.23898781630740396 1 0
0.3927427961579509 0.4284623217922606 0.3762334217506632 0.1492203118752499 0.07136832239925023 1 0
0.376022767698328 0.4663951120162933 0.3544827586206896 0.13630547780887645 0.04669634489222118 1 0
0.46424759871931703 0.4732688391038696 0.4514058355437666 0.20471811275489804 0.22499999999999976 1 0
0.3417289220917823 0.4287169042769857 0.3270026525198939 0.11215513794482207 0.19732895970009373 1 0
0.4799003913198151 0.5677189409368636 0.4610610079575597 0.2243102758896441 0.11131677600749766 1 0
0.4994663820704375 0.40682281059063136 0.4762864721485411 0.24438224710115955 0.08280224929709441 1 0
0.3649946638207044 0.31109979633401225 0.3488063660477453 0.12858856457417034 0.04505623242736645 1 0
0.4806118818925649 0.4809063136456212 0.4673740053050398 0.2231507397041184 0.20103092783505155 1 0
0.4759871931696905 0.7820773930753564 0.4580371352785146 0.2227908836465414 0.06604967197750679 1 0
0.3870508715759517 0.3976578411405295 0.373527851458886 0.1435025989604158 0.11984536082474227 1 0
0.3788687299893277 0.6420570264765784 0.36079575596816976 0.13874450219912035 0.05574039362699157 1 0
0.4027036641764497 0.6894093686354378 0.3806896551724138 0.15821671331467413 0.03826148078725399 1 0
0.4030594094628247 0.3604887983706721 0.3808488063660478 0.15857656937225112 0.003484067478912605 1 0
0.415866239772323 0.6221995926680245 0.4051458885941645 0.1624950019992003 0.10578725398313027 1 0
0.5136961935254358 0.3864562118126273 0.4985145888594165 0.25593762495002 0.1988519212746017 1 0
0.32017075773746 0.3665987780040733 0.2989920424403183 0.09848060775689724 0.008624648547328959 1 0
0.44895055140519385 0.6102342158859471 0.4315649867374005 0.19848060775689724 0.1274133083411434 1 0
0.4222696549270722 0.5483706720977596 0.4075862068965517 0.17273090763694526 0.2056466729147141 1 0
0.4823906083244398 0.3538696537678208 0.469973474801061 0.2244302279088365 0.18416119962511715 1 0
0.4443258626823195 0.4289714867617108 0.420106100795756 0.192562974810076 0.010480318650421507 1 0
0.4233368907861971 0.3729633401221996 0.4143766578249337 0.17305077968812474 0.08692596063730085 1 0
0.4927072216293134 0.43813645621181263 0.4691777188328912 0.2353858456617353 0.033270852858481734 1 0
0.3049092849519744 0.3335030549898167 0.28928381962864724 0.08848460615753699 0.06009840674789128 1 0
0.4571326929918178 0.5440427698574338 0.4383554376657824 0.20571771291483407 0.14353327085285847 1 0
0.4695837780149413 0.4437372708757637 0.4463129973474801 0.2165533786485406 0.10159325210871603 1 0
0.4343649946638207 0.3587067209775967 0.41793103448275865 0.18472610955617752 0.16023898781630716 1 0
0.3568125222340804 0.5417515274949084 0.3352254641909814 0.12287085165933627 0.005787253983130272 1 0
0.5307719672714336 0.380091649694501 0.5116710875331565 0.2746501399440224 0.12977975632614785 1 0
0.5243685521166844 0.6471486761710794 0.5023872679045093 0.2673330667732907 0.09618088097469543 1 0
0.4066168623265742 0.3918024439918534 0.3875862068965517 0.15985605757696922 0.0820759137769447 1 0
0.3738882959800783 0.5140020366598779 0.3641379310344828 0.1336265493802479 0.15173383317713213 1 0
0.4663820704375667 0.5738289205702647 0.4616445623342175 0.2116753298680528 0.20395970009372072 1 0
0.4290288153681964 0.4811608961303462 0.40668435013262605 0.17804878048780487 0.017596063730084113 1 0
0.4788331554606902 0.7181771894093686 0.4556498673740053 0.22475009996001602 0.02977975632614784 1 0
0.4834578441835646 0.4541751527494908 0.4575066312997347 0.22882846861255496 0.04679006560449836 1 0
0.3646389185343295 0.4119144602851323 0.3528912466843501 0.1296281487405038 0.15759137769447049 1 0
0.424404126645322 0.2777494908350305 0.4039257294429709 0.1770091963214714 0.06105904404873477 1 0
0.4855923159018144 0.335030549898167 0.4662068965517241 0.227469012395042 0.09109653233364573 1 0
0.3216648879402348 0.4811608961303462 0.3186737400530504 0.0977608956417433 0.4627460168697282 1 0
0.4578441835645677 0.4126782077393075 0.4370291777188329 0.20479808076769293 0.09137769447047796 1 0
0.4621131270010673 0.36227087576374745 0.44604774535809016 0.2056377449020392 0.08758200562324274 1 0
0.4866595517609392 0.4157331975560081 0.4655702917771883 0.2301079568172731 0.0410496719775068 1 0
0.38918534329420135 0.4732688391038696 0.37342175066313 0.1479408236705318 0.11583880037488285 1 0
0.4468160796869442 0.4854887983706721 0.4345888594164457 0.1942423030787685 0.2413308341143393 1 0
0.4098185699039488 0.380091649694501 0.3918832891246685 0.16245501799280287 0.1014058106841612 1 0
0.424404126645322 0.5481160896130346 0.4059946949602122 0.17536985205917635 0.07797563261480787 1 0
0.41657773034507295 0.4243890020366599 0.3963925729442971 0.1693722510995602 0.08416119962511713 1 0
0.5051583066524369 0.5226578411405296 0.4902387267904509 0.2472610955617753 0.1186269915651359 1 0
0.39665599430807547 0.3329938900203666 0.3759681697612732 0.15269892043182726 0.046438612933458065 1 0
0.528637495553184 0.4312627291242363 0.503395225464191 0.2693722510995602 0.07839737582005624 1 0
0.42511561721807184 0.38085539714867617 0.4097082228116711 0.17061175529788086 0.027436738519212744 1 0
0.4525080042689434 0.449847250509165 0.4296021220159151 0.20043982407037186 0.032849109653233365 1 0
0.3877623621487015 0.329938900203666 0.3644031830238727 0.14666133546581367 0.0072399250234301766 1 0
0.4628246175738172 0.565682281059063 0.4350663129973475 0.21047580967612955 0.003737113402061622 1 0
0.4215581643543223 0.4445010183299389 0.4007427055702918 0.1730107956817273 0.06298031865042174 1 0
0.4493062966915689 0.5285132382892057 0.4358090185676393 0.19208316673330667 0.2495313964386129 1 0
0.5186766275346851 0.34775967413441955 0.5002122015915119 0.2634146341463414 0.19264292408622305 1 0
0.4574884382781928 0.3391038696537678 0.43936339522546414 0.20183926429428228 0.08903467666354263 1 0
0.4624688722874422 0.5290224032586558 0.4430238726790451 0.20767692922830866 0.07347703842549203 1 0
0.3438989683386695 0.4707230142566191 0.3262068965517241 0.115593762495002 0.06907216494845361 1 0
0.4934187122020633 0.5269857433808554 0.4762334217506631 0.2338264694122351 0.08641049671977508 1 0
0.3058342226965493 0.4735234215885947 0.2869496021220159 0.08844462215113955 0.0 1 0
0.4592671647100676 0.4157331975560081 0.43782493368700265 0.20647740903638545 0.09074507966260544 1 0
0.3457844183564568 0.4638492871690427 0.3221750663129973 0.1151939224310276 0.0 1 0
0.3084667378157239 0.36787169042769857 0.2887002652519894 0.09084366253498599 0.0 1 0
0.4059053717538243 0.379837067209776 0.390079575596817 0.16073570571771292 0.14482193064667293 1 0
0.3575240128068303 0.4462830957230143 0.3416976127320955 0.1242702918832467 0.05883317713214621 1 0
0.4852365706154394 0.3971486761710794 0.4635543766578249 0.2300279888044782 0.1102389878163074 1 0
0.40803984347207395 0.4080957230142566 0.3873740053050398 0.161015593762495 0.060613870665416826 1 0
0.34617573817146924 0.3905295315682281 0.3383554376657825 0.12003198720511794 0.9625117150890348 1 0
0.49590892920668794 0.33528513238289204 0.4790981432360743 0.23758496601359455 0.23664479850046835 1 0
0.4788331554606902 0.4773421588594705 0.4638726790450928 0.2203518592562975 0.09843017806935334 1 0
0.4436143721095696 0.4406822810590631 0.426790450928382 0.1919632147141144 0.08455951265229615 1 0
0.5147634293845607 0.6362016293279021 0.5082758620689656 0.26245501799280285 0.2364104967197751 1 0
0.4887940234791889 0.4559572301425662 0.4674801061007958 0.23390643742503 0.06750234301780694 1 0
0.4859480611881893 0.3856924643584521 0.4682758620689655 0.2321471411435426 0.09955482661668227 1 0
0.4937744574884383 0.4114052953156823 0.4688063660477454 0.23854458216713315 0.04791471415182755 1 0
0.2736036997509783 0.6476578411405296 0.2564456233421751 0.06813274690123951 0.216776007497657 1 0
0.41053006047669865 0.3676171079429735 0.3960212201591512 0.16109556177528989 0.15784910965323334 1 0
0.5289932408395589 0.514511201629328 0.5099204244031831 0.2722510995601759 0.1598875351452671 1 0
0.4005691924582 0.5081466395112016 0.3910875331564987 0.1575769692123151 0.2172914714151828 1 0
0.4766986837424405 0.4315173116089613 0.453474801061008 0.2208716513394642 0.051101218369259606 1 0
0.4745642120241907 0.4037678207739308 0.4588328912466843 0.20791683326669333 0.2738987816307404 1 0
0.5798648167911775 0.3996945010183299 0.5554376657824934 0.3277888844462215 0.12947516401124648 1 0
0.4870152970473141 0.4091140529531568 0.4659946949602122 0.23154738104758096 0.0598875351452671 1 0
0.4834578441835646 0.5560081466395111 0.4623872679045093 0.2243102758896441 0.09540768509840676 1 0
0.5403770900035575 0.33630346232179226 0.5180371352785146 0.2846061575369852 0.07949859418931585 1 0
0.4009249377445749 0.329938900203666 0.3881167108753316 0.15445821671331467 0.18509840674789127 1 0
0.5321949484169335 0.4862525458248473 0.5147480106100796 0.27481007596961216 0.13917525773195874 1 0
0.4525080042689434 0.3508146639511201 0.4338461538461538 0.1967612954818073 0.03017806935332708 1 0
0.4724297403059409 0.34928716904276985 0.4551193633952255 0.21663334666133546 0.1189550140581066 1 0
0.41657773034507295 0.3933299389002036 0.3980371352785146 0.16805277888844464 0.09386129334582943 1 0
0.5250800426894344 0.37525458248472493 0.503289124668435 0.2673730507796881 0.10796626054358012 1 0
0.46424759871931703 0.3523421588594705 0.4387798408488064 0.21215513794482208 0.010681818181818185 1 0
0.41053006047669865 0.2729124236252546 0.3911405835543767 0.16357457017193125 0.03202905342080576 1 0
0.4699395233013163 0.6428207739307535 0.4461538461538461 0.21507397041183526 0.06494845360824719 1 0
0.3465670579864817 0.3989307535641548 0.3262599469496021 0.11591363454618152 0.02584348641049672 1 0
0.4791889007470652 0.3579429735234216 0.463236074270557 0.2184326269492203 0.13556701030927834 1 0
0.5265030238349342 0.4495926680244399 0.5086472148541114 0.269812075169932 0.09533739456419868 1 0
0.4421913909640697 0.43279022403258655 0.4169761273209549 0.19084366253498602 0.031443298969072164 1 0
0.5336179295624333 0.394857433808554 0.5169761273209549 0.2736905237904838 0.1524133083411434 1 0
0.559587335467805 0.2871690427698574 0.5453580901856764 0.2987604958016793 0.2790534208059981 1 0
0.4265385983635717 0.6336558044806517 0.4117241379310345 0.17644942023190724 0.12748359887535146 1 0
0.4229811454998221 0.5389511201629328 0.4052519893899204 0.17345061975209916 0.05986410496719775 1 0
0.41408751334044813 0.4666496945010183 0.3987798408488064 0.1649340263894442 0.165651358950328 1 0
0.4436143721095696 0.4735234215885947 0.43018567639257294 0.1926829268292683 0.18755857544517335 1 0
0.4126645321949484 0.6234725050916496 0.3937931034482759 0.16681327469012394 0.04625117150890347 1 0
0.4041266453219495 0.4473014256619144 0.3845623342175066 0.15985605757696922 0.06520618556701031 1 0
0.3770900035574529 0.4824338085539714 0.36753315649867374 0.1385045981607357 0.1496485473289597 1 0
0.4891497687655639 0.605142566191446 0.4697082228116711 0.23590563774490206 0.11005154639175256 1 0
0.42867307008182143 0.3724541751527495 0.41400530503978783 0.17964814074370253 0.15445173383317715 1 0
0.4407684098185699 0.44501018329938896 0.4277984084880637 0.18508596561375448 0.1380506091846298 1 0
0.4685165421558165 0.4638492871690427 0.44710875331564987 0.2148340663734506 0.11384723523898756 1 0
0.43329775880469584 0.4541751527494908 0.4126790450928382 0.18036785285885645 0.058341143392689775 1 0
0.43970117395944497 0.554989816700611 0.42323607427055693 0.1863654538184726 0.14093252108716026 1 0
0.4375667022411953 0.40478615071283097 0.4181962864721485 0.185405837664934 0.09006560449859395 1 0
0.3621487015297048 0.4462830957230143 0.3454641909814324 0.12518992403038787 0.04142455482661669 1 0
0.3161864105300605 0.3727087576374745 0.31188328912466845 0.0975609756097561 0.20164011246485472 1 0
0.4009249377445749 0.3946028513238289 0.3892838196286472 0.15673730507796882 0.235941893158388 1 0
0.4845250800426894 0.5913951120162932 0.4625464190981432 0.229188324670132 0.0696813495782568 1 0
0.4539309854144433 0.340376782077393 0.4365517241379311 0.2015593762495002 0.09493908153701967 1 0
0.3970117395944504 0.545061099796334 0.3763925729442971 0.15205917632946822 0.020981724461105904 1 0
0.3927427961579509 0.380091649694501 0.3749071618037135 0.14902039184326268 0.0830834114339269 1 0
0.5350409107079331 0.4261710794297352 0.5237665782493369 0.27564974010395843 0.18090440487347706 1 0
0.5869797225186767 0.4656313645621181 0.5655172413793104 0.3351059576169532 0.1373477038425492 1 0
0.4542867307008182 0.545061099796334 0.43511936339522544 0.2028788484606157 0.07291471415182754 1 0
0.4653148345784418 0.39994908350305497 0.4542705570291777 0.20791683326669333 0.107029053420806 1 0
0.4927072216293134 0.3864562118126273 0.4720954907161803 0.23486605357856855 0.10494376757263332 1 0
0.3649946638207044 0.3744908350305499 0.3511936339522547 0.12858856457417034 0.08390346766635426 1 0
0.4603344005691925 0.41165987780040736 0.4412732095490717 0.20295881647341066 0.07722586691658857 1 0
0.4731412308786909 0.5491344195519349 0.4522015915119363 0.21835265893642544 0.07835051546391751 1 0
0.4283173247954464 0.7163951120162932 0.4076923076923077 0.17988804478208714 0.05545923149015932 1 0
0.4343649946638207 0.4587576374745418 0.41543766578249336 0.18328668532586964 0.10290534208059983 1 0
0.3810032017075774 0.5190936863543788 0.3687002652519894 0.13790483806477408 0.1979381443298969 1 0
0.3934542867307008 0.3775458248472505 0.3729973474801061 0.15121951219512195 0.06354264292408622 1 0
0.5325506937033084 0.5030549898167006 0.506631299734748 0.275969612155138 0.045618556701030696 1 0
0.42120241906794736 0.4821792260692465 0.4005835543766578 0.17113154738104758 0.06253514526710402 1 0
0.463536108146567 0.4689409368635438 0.43824933687002654 0.20943622550979607 0.06002811621368322 1 0
0.3513340448239061 0.4396639511201629 0.3337931034482759 0.11811275489804078 0.04114339268978444 1 0
0.4336535040910708 0.33834012219959264 0.4195225464190981 0.18224710115953616 0.06689315838800375 1 0
0.4585556741373178 0.35921588594704684 0.4506631299734748 0.20479808076769293 0.3219306466729147 1 0
0.3731768054073284 0.4737780040733197 0.3546949602122016 0.13366653338664536 0.05381911902530435 1 0
0.38420490928495205 0.2471995926680245 0.3648275862068965 0.1429828068772491 0.059301780693533264 1 0
0.46424759871931703 0.4915987780040733 0.43824933687002654 0.2107956817273091 0.0016213683223992505 1 0
0.3731768054073284 0.4910896130346232 0.3576127320954907 0.13438624550179928 0.07017338331771321 1 0
0.487371042333689 0.44908350305498973 0.4655702917771883 0.2283486605357857 0.10656044985941893 1 0
0.5197438633938101 0.3994399185336049 0.4916710875331565 0.2658536585365854 0.033903467666354034 1 0
0.41657773034507295 0.43762729124236255 0.3961803713527852 0.16805277888844464 0.08924554826616682 1 0
0.3824261828530772 0.3811099796334012 0.3621220159151194 0.14206317473010796 0.052741330834114336 1 0
0.3381003201707577 0.3167006109979633 0.320106100795756 0.10951619352259097 0.06925960637300843 1 0
0.5168979011028104 0.4923625254582484 0.5 0.2637744902039185 0.2065838800374883 1 0
0.4557097118463181 0.3324847250509165 0.43124668435013264 0.20343862455017994 0.02153936269915652 1 0
0.4610458911419424 0.4656313645621181 0.4465782493368701 0.20999600159936027 0.09505623242736644 1 0
0.42938456065457137 0.3421588594704684 0.4128912466843501 0.17800879648140744 0.08858950328022494 1 0
0.5083600142298115 0.4282077393075357 0.4790450928381963 0.25293882447021193 0.016986879100281158 1 0
0.4197794379224475 0.4394093686354379 0.39925729442970825 0.17269092363054778 0.06684629803186504 1 0
0.3849163998577019 0.6163441955193483 0.3654641909814324 0.14458216713314676 0.03626991565135895 1 0
0.4432586268231946 0.3266293279022403 0.4181962864721485 0.19084366253498602 0.01680646672914714 1 0
0.400213447171825 0.3762729124236252 0.3786737400530504 0.15593762495002 0.0022813964386129326 1 0
0.343934542867307 0.4607942973523422 0.3239257294429708 0.11447421031587365 0.03465323336457357 1 0
0.4247598719316969 0.5285132382892057 0.4131034482758621 0.17632946821271492 0.15402999062792852 1 0
0.5072927783706865 0.500254582484725 0.5189920424403183 0.251859256297481 0.7036082474226805 1 0
0.4279615795090715 0.4564663951120162 0.4036604774535809 0.17832866853258694 0.003622305529522025 1 0
0.3738882959800783 0.5878309572301426 0.3546419098143236 0.1336265493802479 0.05845829428303655 1 0
0.4624688722874422 0.6397657841140529 0.43824933687002654 0.20799680127948825 0.028256794751640113 1 0
0.4137317680540733 0.7456720977596741 0.3971883289124669 0.1659736105557777 0.1677600749765698 1 0
0.4617573817146923 0.4926171079429735 0.4483819628647215 0.20551779288284688 0.16651827553889412 1 0
0.3465670579864817 0.4867617107942974 0.32854111405835545 0.11583366653338666 0.020932521087160264 1 0
0.4382781928139453 0.3154276985743381 0.4183023872679045 0.1855657736905238 0.09341611996251148 1 0
0.4927072216293134 0.4989816700610998 0.4704509283819629 0.2369452219112355 0.031443298969072164 1 0
0.4944859480611882 0.4898167006109979 0.4707161803713528 0.2410635745701719 0.07017338331771321 1 0
0.3881181074350765 0.3144093686354379 0.36679045092838203 0.145421831267493 0.028959700093720713 1 0
0.3898968338669513 0.4485743380855397 0.3755437665782494 0.1461815273890444 0.12331302717900633 1 0
0.4553539665599431 0.4445010183299389 0.4405835543766578 0.20323870451819276 0.17314901593252108 1 0
0.4091070793311989 0.4697046843177189 0.38875331564986737 0.16289484206317473 0.061808809746954074 1 0
0.456421202419068 0.4004582484725051 0.4397347480106101 0.20267892842862853 0.13671508903467666 1 0
0.5371753824261829 0.4172606924643584 0.5282758620689655 0.2696921231507397 0.2666354264292409 1 0
0.432586268231946 0.4590122199592668 0.4153315649867375 0.18204718112754895 0.0683223992502343 1 0
0.3352187833511206 0.709775967413442 0.3143766578249337 0.1084766093562575 0.0 1 0
0.4674493062966916 0.5280040733197555 0.4561273209549072 0.21467413034786084 0.2542174320524836 1 0
0.3617929562433298 0.3788187372708758 0.34244031830238725 0.12471011595361856 0.025398313027179008 1 0
0.5101387406616862 0.3429226069246436 0.4907692307692308 0.25637744902039183 0.13411433926897845 1 0
0.4678050515830666 0.3905295315682281 0.4525729442970822 0.21547381047580969 0.21773664479850047 1 0
0.4126645321949484 0.4674134419551935 0.3919363395225464 0.1650139944022391 0.07888940955951265 1 0
0.4461045891141942 0.4154786150712831 0.4310344827586207 0.1904438224710116 0.13889409559512628 1 0
0.4699395233013163 0.7143584521384928 0.4502917771883289 0.21527389044382247 0.06998594189315815 1 0
0.5190323728210601 0.5773930753564155 0.5113527851458886 0.262734906037585 0.2410965323336457 1 0
0.4364994663820704 0.7629837067209776 0.4107161803713528 0.1860855657736905 0.0 1 0
0.4998221273568126 0.6911914460285132 0.4847745358090185 0.2400639744102359 0.10454545454545454 1 0
0.4151547491995731 0.5096741344195519 0.3989920424403183 0.16641343462614955 0.09840674789128398 1 0
0.3963002490217005 0.3581975560081466 0.3779310344827586 0.15377848860455814 0.10555295220243674 1 0
0.3585912486659552 0.3846741344195519 0.3382493368700265 0.12694922031187525 0.0037417994376757273 1 0
0.4934187122020633 0.4126782077393075 0.4696021220159151 0.23738504598160734 0.03519212746016846 1 0
0.2915688367129136 0.4287169042769857 0.2743236074270557 0.08072770891643342 0.037207122774133086 1 0
0.5126289576663109 0.5022912423625254 0.5094429708222812 0.2602958816473411 0.3191190253045923 1 0
0.4180007114905728 0.44704684317718935 0.4025994694960212 0.16909236305477807 0.12375820056232427 1 0
0.4546424759871932 0.4198065173116089 0.4316710875331565 0.20091963214714115 0.08559044048734771 1 0
0.33671291355389543 0.534877800407332 0.31888594164456235 0.10771691323470613 0.05089034676663543 1 0
0.4756314478833155 0.4172606924643584 0.456763925729443 0.22131147540983606 0.18959700093720716 1 0
0.4877267876200641 0.4755600814663951 0.4707161803713528 0.22830867652938824 0.12617150890346768 1 0
0.42689434364994666 0.3984215885947047 0.4082228116710875 0.17724910035985605 0.09725866916588567 1 0
0.3614372109569549 0.4987270875763747 0.34339522546419105 0.12463014794082368 0.011773664479850048 1 0
0.35030238349341875 0.3991853360488798 0.3342175066312997 0.11723310675729708 0.05459231490159325 1 0
0.4389896833866952 0.31237270875763745 0.4187798408488064 0.1873250699720112 0.06930646672914714 1 0
0.4044823906083244 0.4809063136456212 0.3828647214854112 0.15833666533386645 0.05620899718837863 1 0
0.4034151547491996 0.4737780040733197 0.3859946949602122 0.1564174330267893 0.10079662605435777 1 0
0.5332621842760583 0.5628818737270875 0.5174005305039788 0.2773690523790484 0.16070759137769447 1 0
0.4023479188900747 0.4847250509164969 0.38090185676392574 0.1575769692123151 0.08690253045923148 1 0
0.4098185699039488 0.4773421588594705 0.3890716180371353 0.1635345861655338 0.0711340206185567 1 0
0.5268587691213091 0.3742362525458248 0.5021750663129974 0.27217113154738104 0.08003748828491097 1 0
0.4461045891141942 0.46003054989816705 0.4213262599469496 0.1966813274690124 0.002797563261480787 1 0
0.3104233368907862 0.4030040733197556 0.29623342175066314 0.09232307077169133 0.0968134957825677 1 0
0.3342938456065457 0.5519348268839104 0.3169761273209549 0.10747700919632147 0.08751171508903467 1 0
0.5129847029526858 0.42107942973523416 0.4994694960212202 0.25637744902039183 0.1876054358013121 1 0
0.5158306652436855 0.27724032586558045 0.500159151193634 0.2561775289884047 0.2071696344892221 1 0
0.4585556741373178 0.3996945010183299 0.44604774535809016 0.20655737704918034 0.2612464854732896 1 0
0.34702952685876914 0.7179226069246435 0.32721485411140583 0.11631347461015593 0.03610590440487348 1 0
0.4379224475275703 0.4205702647657841 0.420106100795756 0.18828468612554974 0.07900656044985943 1 0
0.3649946638207044 0.4220977596741344 0.3493368700265252 0.1282686925229908 0.1021087160262418 1 0
0.344219139096407 0.3345213849287169 0.340159151193634 0.1089564174330268 0.27835051546391754 1 0
0.3934542867307008 0.4358452138492872 0.3779840848806366 0.14654138344662135 0.09519681349578256 1 0
0.3158306652436855 0.39434826883910384 0.3010079575596817 0.09636145541783286 0.11061387066541706 1 0
0.4183564567769477 0.5498981670061099 0.3963925729442971 0.17109156337465012 0.03882380506091823 1 0
0.5588758448950552 0.35463340122199594 0.5411140583554377 0.3045581767293083 0.16717432052483594 1 0
0.4005691924582 0.504837067209776 0.3782493368700265 0.15517792882846862 0.011872071227741329 1 0
0.5208110992529349 0.4289714867617108 0.49978779840848797 0.26629348260695723 0.12164948453608247 1 0
0.4681607968694415 0.5229124236252546 0.4459416445623342 0.2153938424630148 0.042174320524836 1 0
0.3356812522234081 0.4663951120162933 0.3173474801061008 0.1113954418232707 0.06349578256794751 1 0
0.47207399501956604 0.43329938900203663 0.44854111405835545 0.21847261095561774 0.08327085285848149 1 0
0.4201351832088225 0.4427189409368635 0.3993103448275862 0.17149140343862454 0.05513120899718838 1 0
0.24834578441835645 0.3419042769857434 0.2323076923076923 0.05737704918032788 0.0 1 0
0.3263251511917467 0.3528513238289205 0.3140583554376658 0.10431827269092364 0.14029990627928748 1 0
0.5741728922091782 0.3783095723014257 0.553315649867374 0.3198720511795282 0.12886597938144329 1 0
0.4585556741373178 0.3340122199592668 0.4344297082228117 0.20627748900439824 0.05295220243673852 1 0
0.4944859480611882 0.42311608961303465 0.4719893899204244 0.2396641343462615 0.0521087160262418 1 0
0.4176449662041978 0.3739816700610998 0.4048275862068966 0.17033186725309876 0.15759137769447049 1 0
0.5225898256848097 0.3559063136456212 0.5210610079575597 0.26233506597361056 0.3397375820056232 1 0
0.4389896833866952 0.3806008146639511 0.4153315649867375 0.18756497401039585 0.04941424554826617 1 0
0.4574884382781928 0.4582484725050917 0.4413262599469496 0.20243902439024392 0.09111996251171507 1 0
0.4340092493774457 0.3872199592668025 0.41384615384615386 0.18308676529388246 0.04671977507029053 1 0
0.4859480611881893 0.4870162932790224 0.4745888594164456 0.2300279888044782 0.2262652296157451 1 0
0.4784774101743152 0.4658859470468432 0.4594164456233422 0.22195121951219512 0.09311152764761013 1 0
0.4475275702596941 0.4684317718940936 0.42350132625994696 0.1955217912834866 0.004358013120899719 1 0
0.4813233724653148 0.2785132382892057 0.4663660477453581 0.2235905637744902 0.16112933458294282 1 0
0.4229811454998221 0.4671588594704685 0.4101856763925729 0.1728108756497401 0.1554826616682287 1 0
0.6054784774101744 0.610488798370672 0.5984084880636604 0.35957616953218713 0.5663074039362699 0 1
0.5378868729989328 0.4246435845213849 0.5240318302387268 0.2865253898440624 0.1768978444236176 0 1
0.5955176093916755 0.549643584521385 0.5840848806366048 0.3476609356257497 0.3158388003748828 0 1
1.0 0.470213849287169 1.0 0.9992003198720512 0.75 0 1
0.7178939879046603 0.6102342158859471 0.7623342175066312 0.4978008796481408 0.8795688847235239 0 1
0.7047314123087869 0.5639002036659877 0.6896551724137931 0.5037984806077569 0.3465323336457357 0 1
0.4877267876200641 0.530295315682281 0.4785145888594165 0.2310675729708117 0.21944704779756327 0 1
0.5140519388118108 0.5147657841140529 0.5012732095490716 0.2569772091163535 0.2764761012183693 0 1
0.5069370330843116 0.5529531568228105 0.496710875331565 0.2530987604958017 0.3090440487347704 0 1
0.6915688367129136 0.4791242362525458 0.6795755968169761 0.4666133546581368 0.528584817244611 0 1
0.456421202419068 0.5684826883910387 0.4523076923076924 0.2011995201919232 0.3971415182755389 0 1
0.8214158662397724 0.504837067209776 0.8068965517241379 0.672530987604958 0.39268978444236174 0 1
0.5364638918534329 0.655295315682281 0.5198938992042439 0.2865253898440624 0.2893626991565136 0 1
0.8626823194592672 0.5142566191446029 0.8816976127320955 0.7041183526589364 1.0 0 1
0.6947705442902882 0.4811608961303462 0.6870026525198939 0.4866053578568573 0.5147610121836926 0 1
0.5937388829598008 0.5142566191446029 0.5681697612732095 0.3429028388644542 0.08549671977507005 0 1
0.6289576663109214 0.5280040733197555 0.6228116710875332 0.3853258696521392 0.4346298031865042 0 1
0.5816435432230523 0.5929226069246435 0.5782493368700266 0.3360255897640944 0.4243205248359888 0 1
0.7669868374244041 0.570010183299389 0.753315649867374 0.5913634546181528 0.5714620431115276 0 1
0.9153326218427608 0.4445010183299389 0.9241379310344828 0.8036785285885646 0.78912839737582 0 1
0.7282106012095341 0.5262219959266803 0.7145888594164456 0.5193922431027589 0.35684161199625114 0 1
0.5905371753824262 0.7148676171079429 0.5745358090185676 0.34310275889644143 0.21675257731958766 0 1
0.5300604766986837 0.5735743380855397 0.5416445623342174 0.273890443822471 0.6403467666354263 0 1
0.6513696193525436 0.5239307535641547 0.6408488063660477 0.4206317473010796 0.36761949390815374 0 1
0.8285307719672714 0.6789714867617108 0.8429708222811672 0.6737305077968813 0.8254451733833177 0 1
0.4062611170401992 0.5188391038696537 0.4115649867374005 0.1543782487005198 0.5656044985941893 0 1
0.4542867307008182 0.5720468431771893 0.433527851458886 0.20243902439024392 0.11037956888472353 0 1
0.8278192813945215 0.5610997963340122 0.8068965517241379 0.6741303478608557 0.31021555763823805 0 1
0.5855567413731768 0.5119653767820773 0.579840848806366 0.33302678928428625 0.4201030927835051 0 1
0.5151191746709356 0.5463340122199593 0.5 0.25917632946821273 0.28209934395501396 0 1
0.6620419779437923 0.5155295315682281 0.6477453580901856 0.4374250299880048 0.34910965323336457 0 1
0.5467805051583067 0.5794297352342159 0.5315649867374005 0.2911635345861656 0.2628865979381443 0 1
0.5777303450729278 0.4778513238289205 0.5771883289124669 0.3219112355057977 0.4564198687910028 0 1
0.4432586268231946 0.6120162932790224 0.4454641909814324 0.19028388644542185 0.5325679475164011 0 1
0.42120241906794736 0.4760692464358452 0.41342175066312997 0.17616953218712514 0.28537956888472354 0 1
0.5172536463891854 0.7011201629327902 0.5131564986737399 0.2634146341463414 0.384020618556701 0 1
0.6421202419067947 0.4111507128309572 0.6376657824933687 0.4022391043582567 0.39456419868791 0 1
0.7285663464959091 0.5463340122199593 0.7029177718832891 0.5221911235505797 0.2118556701030928 0 1
0.5257915332621843 0.6094704684317719 0.516710875331565 0.2672131147540984 0.29686035613870665 0 1
0.6577730345072927 0.4460285132382892 0.6435013262599469 0.4270291883246701 0.3493439550140581 0 1
0.6855211668445393 0.6738798370672098 0.6785145888594165 0.4646141543382647 0.3882380506091846 0 1
0.7829953753112772 0.5575356415478615 0.7809018567639257 0.5925629748100759 0.5735707591377694 0 1
0.6826752045535397 0.4058044806517312 0.670026525198939 0.4626149540183926 0.2795220243673852 0 1
0.5318392031305585 0.4473014256619144 0.5137931034482758 0.2711315473810476 0.3605904404873477 0 1
0.7342582710779082 0.44170061099796337 0.7151193633952255 0.5337864854058376 0.3577788191190253 0 1
0.6197082888651726 0.6507128309572301 0.6074270557029178 0.3790483806477409 0.3940955951265229 0 1
0.7321237993596584 0.5636456211812627 0.7145888594164456 0.5157936825269892 0.3842549203373943 0 1
0.6371398078975454 0.535132382892057 0.6599469496021221 0.39744102359056377 0.7471883786316776 0 1
0.7922447527570258 0.5007637474541752 0.8106100795755968 0.6033586565373851 0.999062792877226 0 1
0.7178939879046603 0.4974541751527495 0.7098143236074271 0.4998000799680128 0.4997656982193064 0 1
0.4685165421558165 0.47505091649694503 0.4561273209549072 0.21375449820071973 0.2872539831302718 0 1
0.5289932408395589 0.4243890020366599 0.523289124668435 0.27289084366253497 0.39597000937207105 0 1
0.752757025969406 0.5865580448065173 0.7278514588859416 0.5613754498200719 0.25702905342080606 0 1
0.7449306296691569 0.5997963340122199 0.7368700265251991 0.5453818472610955 0.6354264292408622 0 1
0.6819637139807898 0.6313645621181263 0.7023872679045093 0.4490203918432627 0.4838331771321462 0 1
0.6051227321237994 0.5157841140529532 0.5819628647214854 0.3615753698520592 0.16283973758200562 0 1
0.4389896833866952 0.6838085539714868 0.4305039787798409 0.19088364654138346 0.2542174320524836 0 1
0.5702596940590537 0.394857433808554 0.5612732095490716 0.31715313874450224 0.28209934395501396 0 1
0.4724297403059409 0.5162932790224033 0.463236074270557 0.21799280287884848 0.2307169634489222 0 1
0.5699039487726788 0.5916496945010182 0.5448275862068965 0.3189924030387845 0.07729615745079663 0 1
0.5233013162575596 0.549643584521385 0.506896551724138 0.2626549380247901 0.3029522024367385 0 1
0.5076485236570616 0.5740835030549898 0.4974535809018568 0.25181927229108353 0.3427835051546392 0 1
0.5602988260405549 0.4893075356415478 0.5681697612732095 0.3033186725309876 0.6827553889409559 0 1
0.5186766275346851 0.5481160896130346 0.516763925729443 0.2578168732506997 0.3338800374882849 0 1
0.7171824973319104 0.5005091649694501 0.6954907161803713 0.5093962415033987 0.2706185567010309 0 1
0.5738171469228033 0.5264765784114053 0.5734748010610079 0.3193922431027589 0.4034676663542643 0 1
0.4966204197794379 0.4340631364562118 0.4850397877984085 0.24086365453818476 0.22935801312089946 0 1
0.5780860903593027 0.4966904276985744 0.5824933687002652 0.3261895241903239 0.5238987816307403 0 1
0.5613660618996799 0.5832484725050916 0.5607427055702918 0.31291483406637344 0.4997656982193064 0 1
0.6627534685165422 0.6392566191446029 0.6620689655172414 0.4350259896041584 0.5433458294283037 0 1
0.6759160441124156 0.4814154786150713 0.6546419098143237 0.4550179928028789 0.2172211808809747 0 1
0.4766986837424405 0.5224032586558045 0.4702387267904509 0.2225909636145542 0.33856607310215553 0 1
0.6823194592671648 0.5725560081466394 0.6763925729442971 0.459016393442623 0.26101218369259604 0 1
0.551405193881181 0.5366598778004072 0.5458885941644562 0.3211115553778489 0.35660731021555764 0 1
0.6638207043756671 0.4358452138492872 0.6440318302387268 0.4306277489004398 0.34137769447047794 0 1
0.6414087513340448 0.4289714867617108 0.623342175066313 0.3958416633346661 0.2553889409559513 0 1
0.7502668089647813 0.6764256619144603 0.7570291777188328 0.5241903238704518 0.5827085285848173 0 1
0.5748843827819281 0.5483706720977596 0.5633952254641911 0.3237904838064774 0.2443767572633552 0 1
0.6695126289576664 0.5593177189409368 0.6562334217506631 0.4438224710115954 0.37347703842549196 0 1
0.5069370330843116 0.5639002036659877 0.5115119363395225 0.25817672930827673 0.5002343017806935 0 1
0.7328352899324084 0.7466904276985743 0.743236074270557 0.505797680927629 0.8233364573570758 0 1
0.744219139096407 0.6387474541751528 0.7586206896551724 0.5385845661735306 0.7436738519212747 0 1
0.975453575240128 0.6687881873727087 0.9915119363395226 1.0 0.8516869728209934 0 1
0.4197794379224475 0.4220977596741344 0.41904509283819613 0.17273090763694526 0.3887066541705717 0 1
0.3941657773034508 0.4793788187372709 0.3888594164456233 0.14458216713314676 0.3957357075913777 0 1
0.6406972607612951 0.5234215885947047 0.6281167108753316 0.4026389444222311 0.2741330834114337 0 1
0.656350053361793 0.5577902240325865 0.6376657824933687 0.42982806877249097 0.27014995313964385 0 1
0.5414443258626823 0.7795315682281059 0.5485411140583555 0.2866453418632547 0.5974695407685099 0 1
0.6947705442902882 0.8266293279022403 0.6790450928381963 0.4890043982407037 0.2682755388940956 0 1
0.4912842404838136 0.6046334012219959 0.4857294429708223 0.23902439024390246 0.3650421743205248 0 1
0.7225186766275347 0.6889002036659877 0.7050397877984085 0.5149940023990404 0.3559044048734771 0 1
0.8971896122376378 0.6341649694501018 0.9098143236074272 0.7508996401439424 0.7823336457357075 0 1
0.4841693347563145 0.6285641547861507 0.4655702917771883 0.2289484206317473 0.12382849109653235 0 1
0.6833866951262896 0.4727596741344196 0.6657824933687002 0.4606157536985206 0.3099812558575445 0 1
0.72073995019566 0.5863034623217923 0.7023872679045093 0.5053978408636546 0.34325210871602624 0 1
0.6065457132692992 0.4857433808553971 0.6015915119363395 0.35785685725709715 0.4475164011246485 0 1
0.5457132692991818 0.36303462321792257 0.5437665782493368 0.2816473410635746 0.4866447985004686 0 1
0.5787975809320527 0.5272403258655805 0.5671087533156499 0.3253498600559776 0.34629803186504216 0 1
0.6766275346851655 0.6260183299389002 0.6472148541114059 0.4302279088364654 0.3439550140581069 0 1
0.5738171469228033 0.455193482688391 0.5676392572944297 0.322750899640144 0.317244611059044 0 1
0.5353966559943081 0.4854887983706721 0.5159681697612732 0.2806477409036385 0.17539831302717898 0 1
0.5784418356456777 0.5570264765784113 0.5702917771883289 0.33058776489404235 0.4215089034676664 0 1
0.8256848096762719 0.6866089613034623 0.8143236074270557 0.667732906837265 0.4568884723523899 0 1
0.7506225542511562 0.5224032586558045 0.7326259946949601 0.5533786485405837 0.3683223992502343 0 1
0.6919245819992885 0.4921079429735234 0.6710875331564987 0.4674130347860856 0.32310215557638233 0 1
0.6901458555674137 0.4628309572301426 0.6748010610079576 0.4578168732506997 0.3809746954076851 0 1
0.5716826752045535 0.500254582484725 0.5522546419098143 0.3269492203118753 0.22888940955951265 0 1
0.5613660618996799 0.4554480651731161 0.5496021220159151 0.3122750899640144 0.23322399250234305 0 1
0.5731056563500534 0.4595213849287169 0.5575596816976127 0.32506997201119553 0.22134489222118087 0 1
0.6143721095695482 0.6471486761710794 0.5962864721485411 0.3713714514194322 0.28209934395501396 0 1
0.6901458555674137 0.5982688391038696 0.6848806366047745 0.4618152738904438 0.4800843486410497 0 1
0.7043756670224119 0.5488798370672098 0.6880636604774535 0.4918032786885246 0.2980318650421743 0 1
0.544290288153682 0.6433299389002036 0.5432360742705571 0.29284286285485805 0.3943298969072165 0 1
0.7001067235859125 0.5519348268839104 0.6891246684350133 0.4774090363854458 0.4365042174320525 0 1
0.7146922803272857 0.6074338085539714 0.7145888594164456 0.4986005597760896 0.5349109653233365 0 1
0.3895410885805763 0.5435336048879837 0.3814323607427056 0.14838064774090365 0.2446110590440488 0 1
0.648167911775169 0.4803971486761711 0.629708222811671 0.4106357457017193 0.2647610121836926 0 1
0.5048025613660619 0.6061608961303462 0.4926790450928382 0.24418232706917234 0.2612464854732896 0 1
0.4510850231234436 0.6069246435845214 0.4386737400530504 0.1995201919232307 0.2642924086223055 0 1
0.4183564567769477 0.4618126272912424 0.3978779840848806 0.17237105157936827 0.06291002811621367 0 1
0.5129847029526858 0.5033095723014256 0.5012201591511937 0.2568972411035585 0.2199625117150888 0 1
0.7737459978655283 0.5343686354378818 0.7814323607427056 0.5961615353858457 0.5142924086223055 0 1
0.4429028815368196 0.3996945010183299 0.43803713527851457 0.19076369452219116 0.3697282099343955 0 1
0.4795446460334401 0.5300407331975561 0.4689655172413794 0.2235905637744902 0.2490627928772259 0 1
0.7075773745997865 0.5157841140529532 0.6923076923076923 0.48540583766493395 0.33059981255857546 0 1
0.7687655638562789 0.5672097759674135 0.7660477453580902 0.5625749700119952 0.6583880037488286 0 1
0.6250444681607968 0.3831466395112017 0.610079575596817 0.3818872451019592 0.2313730084348641 0 1
0.7296335823550338 0.7079938900203665 0.7129973474801061 0.5273890443822471 0.3641049671977507 0 1
0.7161152614727855 0.7191955193482689 0.6960212201591511 0.5041983206717313 0.337394564198688 0 1
0.6969050160085379 0.4620672097759674 0.6933687002652519 0.48540583766493395 0.5876288659793815 0 1
0.6969050160085379 0.6364562118126272 0.6774535809018568 0.4762095161935226 0.3877694470477976 0 1
0.7602276769832801 0.3844195519348269 0.7496021220159151 0.5541783286685326 0.4526710402999063 0 1
0.6378512984702953 0.6232179226069247 0.6111405835543767 0.3994002399040384 0.1335285848172446 0 1
0.535752401280683 0.504837067209776 0.5320954907161803 0.2821271491403439 0.3983130271790066 0 1
0.7271433653504091 0.5544806517311609 0.7098143236074271 0.5169932027189125 0.22959231490159324 0 1
0.8762006403415155 0.5498981670061099 0.8779840848806366 0.7361055577768892 0.5412371134020618 0 1
0.6314478833155461 0.7135947046843177 0.6222811671087533 0.3924830067972811 0.3978444236176195 0 1
0.6097474208466738 0.41751527494908347 0.6153846153846154 0.3649340263894442 0.5222586691658856 0 1
0.5923159018143009 0.5442973523421588 0.583554376657825 0.3616953218712515 0.3573102155576382 0 1
0.7235859124866596 0.5476069246435845 0.7209549071618038 0.5053978408636546 0.6009840674789129 0 1
0.5499822127356813 0.6097250509164969 0.5506631299734748 0.2924030387844862 0.4756326148078726 0 1
0.7186054784774102 0.6830448065173116 0.7092838196286472 0.4934026389444222 0.3844892221180881 0 1
0.6214870152970473 0.6283095723014256 0.6159151193633952 0.3936825269892043 0.5058575445173383 0 1
0.4973319103521879 0.4994908350305499 0.48339522546419106 0.2397041183526589 0.2638238050609185 0 1
0.7317680540732836 0.4523930753564154 0.7050397877984085 0.5301879248300679 0.2036082474226804 0 1
0.4663820704375667 0.3961303462321792 0.4626525198938992 0.21199520191923232 0.4852389878163074 0 1
0.6737815723941658 0.5425152749490835 0.6557029177718833 0.4518192722910835 0.253045923149016 0 1
0.4909284951974387 0.40198574338085535 0.4797347480106101 0.23354658136745304 0.18249765698219306 0 1
