0.48167911775168976 0.3655804480651731 0.15613870665417032 1 0
0.46531483457844186 0.399949083503055 0.10702905342080599 1 0
0.33810032017075775 0.3167006109979633 0.06925960637300844 1 0
0.46353610814656704 0.4689409368635438 0.06002811621368322 1 0
0.29156883671291356 0.4287169042769857 0.037207122774133086 1 0
0.42867307008182143 0.3724541751527495 0.15445173383317715 1 0
0.47990039131981505 0.5677189409368636 0.11131677600749766 1 0
0.4183564567769477 0.54989816700611 0.03882380506091823 1 0
0.4852365706154394 0.41598778004073317 0.04350984067478913 1 0
0.4247598719316969 0.4643584521384928 0.04620431115276453 1 0
0.40981856990394877 0.47734215885947046 0.0711340206185567 1 0
0.464247598719317 0.49159877800407326 0.0016213683223992503 1 0
0.3065812877979367 0.300152749490835 0.048289597000937205 1 0
0.3617929562433298 0.3788187372708758 0.025398313027179008 1 0
0.30586979722518676 0.5341140529531568 0.07029053420805997 1 0
0.3263251511917467 0.35285132382892054 0.14029990627928748 1 0
0.33671291355389543 0.534877800407332 0.050890346766635425 1 0
0.4023479188900747 0.4847250509164969 0.08690253045923148 1 0
0.32120241906794733 0.4411914460285132 0.7333645735707591 1 0
0.45464247598719315 0.4198065173116089 0.08559044048734771 1 0
0.31618641053006047 0.3727087576374745 0.20164011246485472 1 0
0.4379224475275703 0.4205702647657841 0.07900656044985942 1 0
0.4813233724653148 0.27851323828920566 0.16112933458294282 1 0
0.4574884382781928 0.45824847250509165 0.09111996251171509 1 0
0.40732835289932406 0.5338594704684317 0.10756794751640111 1 0
0.4745642120241907 0.40376782077393075 0.2738987816307404 1 0
0.42689434364994666 0.39842158859470467 0.09725866916588567 1 0
0.439701173959445 0.554989816700611 0.14093252108716026 1 0
0.5208110992529349 0.3879837067209776 0.23350515463917526 1 0
0.520099608680185 0.6115071283095723 0.07268041237113401 1 0
0.472073995019566 0.3757637474541751 0.0764058106841612 1 0
0.47847741017431517 0.46588594704684316 0.09311152764761012 1 0
0.43329775880469584 0.45417515274949083 0.05834114339268978 1 0
0.34816791177516904 0.5076374745417516 0.01600046860356139 1 0
0.4126645321949484 0.32688391038696535 0.09831302717900657 1 0
0.24834578441835645 0.3419042769857434 0.0 1 0
0.43329775880469584 0.5224032586558045 0.05583411433926898 1 0
0.35133404482390607 0.49389002036659874 0.14418931583880037 1 0
0.3731768054073284 0.4910896130346232 0.07017338331771321 1 0
0.41408751334044824 0.4666496945010183 0.165651358950328 1 0
0.439701173959445 0.47199592668024437 0.061925960637300846 1 0
0.4034151547491996 0.5412423625254583 0.12026710402999038 1 0
0.3478121664887941 0.43253564154786145 0.1015463917525773 1 0
0.44930629669156885 0.5285132382892057 0.2495313964386129 1 0
0.5072927783706865 0.500254582484725 0.7036082474226805 1 0
0.3738882959800783 0.5140020366598779 0.15173383317713213 1 0
0.3104233368907862 0.4030040733197556 0.0968134957825677 1 0
0.42440412664532196 0.5481160896130346 0.07797563261480787 1 0
0.3183920313055852 0.40122199592668023 0.21703373945641966 1 0
0.4059053717538243 0.2754582484725051 0.08228678537956888 1 0
0.5158306652436855 0.27724032586558045 0.2071696344892221 1 0
0.4756314478833155 0.41726069246435843 0.18959700093720713 1 0
0.4927072216293134 0.43813645621181263 0.03327085285848173 1 0
0.5371753824261829 0.41726069246435843 0.2666354264292409 1 0
0.4336535040910708 0.33834012219959264 0.06689315838800375 1 0
0.5588758448950552 0.35463340122199594 0.16717432052483597 1 0
0.41657773034507295 0.4243890020366599 0.08416119962511714 1 0
0.4066168623265742 0.3918024439918534 0.0820759137769447 1 0
0.4012806830309498 0.34088594704684316 0.10859887535145267 1 0
0.34642475987193166 0.30473523421588594 0.0 1 0
0.4066168623265742 0.4406822810590631 0.04758669165885637 1 0
0.4589114194236927 0.40529531568228105 0.11466729147141518 1 0
0.3824261828530772 0.3811099796334012 0.052741330834114336 1 0
0.42333689078619713 0.3729633401221996 0.08692596063730085 1 0
0.5318392031305585 0.47785132382892054 0.2120431115276476 1 0
0.5136961935254358 0.3864562118126273 0.1988519212746017 1 0
0.48879402347918893 0.45595723014256617 0.06750234301780694 1 0
0.4624688722874422 0.5290224032586558 0.07347703842549203 1 0
0.29238705087157596 0.5269857433808554 0.30951265229615743 1 0
0.34617573817146924 0.3905295315682281 0.9625117150890347 1 0
0.39665599430807547 0.3329938900203666 0.04643861293345806 1 0
0.46780505158306657 0.3905295315682281 0.21773664479850047 1 0
0.43578797580932055 0.45672097759674135 0.09102624179943768 1 0
0.5990750622554252 0.4954175152749491 0.12066541705716963 1 0
0.42902881536819637 0.3243380855397149 0.04620431115276453 1 0
0.3877623621487015 0.329938900203666 0.007239925023430177 1 0
0.4180007114905728 0.5137474541751528 0.16033270852858456 1 0
0.43898968338669514 0.565682281059063 0.12582005623242737 1 0
0.5325506937033084 0.5030549898167006 0.045618556701030696 1 0
0.384204909284952 0.24719959266802446 0.059301780693533264 1 0
0.5325506937033084 0.4315173116089613 0.06096532333645712 1 0
0.43827819281394526 0.3154276985743381 0.09341611996251148 1 0
0.39416577730345076 0.3744908350305499 0.05536551077788191 1 0
0.37922447527570263 0.3856924643584521 0.0 1 0
0.3084667378157239 0.36787169042769857 0.0 1 0
0.35233013162575594 0.4597759674134419 0.306232427366448 1 0
0.46282461757381715 0.565682281059063 0.0037371134020616216 1 0
0.4557097118463181 0.3324847250509165 0.021539362699156517 1 0
0.4059053717538243 0.37983706720977595 0.14482193064667293 1 0
0.3585912486659552 0.3846741344195519 0.0037417994376757265 1 0
0.41657773034507295 0.43762729124236255 0.08924554826616682 1 0
0.4201351832088225 0.44271894093686354 0.05513120899718838 1 0
0.4375667022411953 0.40478615071283097 0.09006560449859395 1 0
0.4542867307008182 0.545061099796334 0.07291471415182754 1 0
0.3457844183564568 0.4638492871690427 0.0 1 0
0.4592671647100676 0.41573319755600807 0.09074507966260544 1 0
0.43507648523657066 0.49796334012219956 0.09810215557638237 1 0
0.44361437210956955 0.47352342158859473 0.18755857544517338 1 0
0.35133404482390607 0.43966395112016293 0.04114339268978444 1 0
0.4663820704375667 0.5738289205702647 0.20395970009372072 1 0
0.5432230522945571 0.32866598778004075 0.1380506091846298 1 0
0.42120241906794736 0.48217922606924646 0.06253514526710402 1 0
0.42298114549982213 0.4671588594704685 0.1554826616682287 1 0
0.3628601921024546 0.445010183299389 0.1352858481724461 1 0
0.48559231590181434 0.335030549898167 0.09109653233364573 1 0
0.48239060832443975 0.35386965376782076 0.18416119962511715 1 0
0.36214870152970474 0.4462830957230143 0.04142455482661669 1 0
0.472073995019566 0.43329938900203663 0.08327085285848149 1 0
0.5101387406616862 0.3429226069246436 0.13411433926897845 1 0
0.37139807897545357 0.3935845213849287 0.015564667291471415 1 0
0.5336179295624333 0.394857433808554 0.1524133083411434 1 0
0.44895055140519385 0.610234215885947 0.1274133083411434 1 0
0.4027036641764497 0.6894093686354378 0.038261480787253985 1 0
0.3991462113127001 0.8607433808553971 0.011637769447047797 1 0
0.34034151547492 0.405040733197556 0.038706654170571696 1 0
0.4991106367840626 0.5409877800407332 0.034254920337394565 1 0
0.5058697972251868 0.7090122199592668 0.2584348641049672 1 0
0.4852365706154394 0.3971486761710794 0.11023898781630741 1 0
0.4418356456776948 0.38289205702647655 0.024671977507029052 1 0
0.40199217360369977 0.46308553971486766 0.36269915651358947 1 0
0.4891497687655639 0.605142566191446 0.11005154639175257 1 0
0.3728210601209534 0.5056008146639511 0.11319119025304593 1 0
0.4695837780149413 0.4437372708757637 0.10159325210871603 1 0
0.45855567413731774 0.35921588594704684 0.3219306466729147 1 0
0.37886872998932764 0.6420570264765784 0.05574039362699157 1 0
0.40981856990394877 0.380091649694501 0.1014058106841612 1 0
0.4091070793311989 0.4697046843177189 0.061808809746954074 1 0
0.37709000355745287 0.48243380855397144 0.1496485473289597 1 0
0.4834578441835646 0.5560081466395111 0.09540768509840675 1 0
0.45784418356456774 0.4126782077393075 0.09137769447047797 1 0
0.3810032017075774 0.5190936863543788 0.1979381443298969 1 0
0.5083600142298115 0.42820773930753564 0.01698687910028116 1 0
0.40163642831732477 0.33197556008146634 0.07649953139643861 1 0
0.34656705798648174 0.39893075356415475 0.02584348641049672 1 0
0.42298114549982213 0.44195519348268836 0.13891752577319563 1 0
0.40305940946282465 0.3604887983706721 0.0034840674789126053 1 0
0.4834578441835646 0.45417515274949083 0.04679006560449836 1 0
0.4927072216293134 0.3864562118126273 0.10494376757263331 1 0
0.41764496620419783 0.35692464358452136 0.05260074976569822 1 0
0.45855567413731774 0.39969450101832993 0.2612464854732896 1 0
0.4475275702596941 0.46843177189409363 0.004358013120899719 1 0
0.4247598719316969 0.5285132382892057 0.15402999062792852 1 0
0.45855567413731774 0.3340122199592668 0.05295220243673852 1 0
0.40056919245819994 0.5081466395112016 0.21729147141518276 1 0
0.4044823906083244 0.4809063136456212 0.05620899718837863 1 0
0.5126289576663109 0.5022912423625254 0.3191190253045923 1 0
0.5321949484169335 0.4862525458248473 0.13917525773195877 1 0
0.4606901458555674 0.4078411405295315 0.14421274601686973 1 0
0.4215581643543223 0.44450101832993894 0.06298031865042174 1 0
0.45250800426894344 0.35081466395112015 0.030178069353327085 1 0
0.48986125933831376 0.33783095723014256 0.02490627928772259 1 0
0.3881181074350765 0.3144093686354379 0.02895970009372071 1 0
0.5072927783706865 0.4625763747454175 0.05798969072164949 1 0
0.3738882959800783 0.5878309572301426 0.058458294283036547 1 0
0.4432586268231946 0.5063645621181263 0.1600281162136832 1 0
0.3731768054073284 0.4737780040733197 0.053819119025304354 1 0
0.40768409818569906 0.4623217922606925 0.07835051546391751 1 0
0.4126645321949484 0.6234725050916496 0.04625117150890347 1 0
0.4695837780149413 0.40274949083503053 0.003423149015932287 1 0
0.32017075773746 0.3665987780040733 0.00862464854732896 1 0
0.48025613660619 0.3235743380855397 0.006462043111527647 1 0
0.464247598719317 0.35234215885947046 0.010681818181818183 1 0
0.41622198505869795 0.48650712830957227 0.037089971883786314 1 0
0.5197438633938101 0.3994399185336049 0.03390346766635403 1 0
0.45393098541444327 0.340376782077393 0.09493908153701967 1 0
0.41053006047669865 0.2729124236252546 0.03202905342080576 1 0
0.3058342226965493 0.47352342158859473 0.0 1 0
0.4443258626823195 0.4289714867617108 0.010480318650421509 1 0
0.43329775880469584 0.35845213849287166 0.026312089971883786 1 0
0.3216648879402348 0.4811608961303462 0.4627460168697282 1 0
0.44219139096406973 0.43279022403258655 0.031443298969072164 1 0
0.36463891853432945 0.41191446028513234 0.15759137769447049 1 0
0.4574884382781928 0.3391038696537678 0.08903467666354264 1 0
0.4340092493774457 0.38721995926680247 0.04671977507029053 1 0
0.4507292778370687 0.4404276985743381 0.07481255857544516 1 0
0.5019565990750623 0.32790224032586557 0.04135426429240862 1 0
0.4279615795090715 0.45646639511201625 0.0036223055295220245 1 0
0.4617573817146923 0.49261710794297353 0.16651827553889412 1 0
0.3991462113127001 0.5056008146639511 0.011729147141518275 1 0
0.400213447171825 0.3762729124236252 0.0022813964386129335 1 0
0.4375667022411953 0.48421588594704684 0.018172446110590438 1 0
0.46211312700106727 0.36227087576374745 0.08758200562324274 1 0
0.3575240128068303 0.4462830957230143 0.058833177132146204 1 0
0.5129847029526858 0.42107942973523416 0.1876054358013121 1 0
0.3417289220917823 0.4287169042769857 0.19732895970009373 1 0
0.3934542867307008 0.38085539714867617 0.12645267104029992 1 0
0.41657773034507295 0.3933299389002036 0.09386129334582943 1 0
0.3649946638207044 0.3744908350305499 0.08390346766635426 1 0
0.42902881536819637 0.4811608961303462 0.017596063730084113 1 0
0.5250800426894344 0.37525458248472504 0.10796626054358013 1 0
0.408039843472074 0.4080957230142566 0.06061387066541682 1 0
0.42511561721807184 0.38085539714867617 0.027436738519212744 1 0
0.4147990039131982 0.4345723014256619 0.019461105904404873 1 0
0.39630024902170047 0.3581975560081466 0.10555295220243674 1 0
0.4468160796869442 0.4854887983706721 0.24133083411433928 1 0
0.464247598719317 0.47326883910386963 0.22499999999999976 1 0
0.4934187122020633 0.4126782077393075 0.03519212746016846 1 0
0.3158306652436855 0.39434826883910384 0.11061387066541706 1 0
0.33568125222340806 0.46639511201629325 0.06349578256794751 1 0
0.4461045891141942 0.460030549898167 0.002797563261480787 1 0
0.47314123087869087 0.5491344195519349 0.07835051546391751 1 0
0.45393098541444327 0.47963340122199594 0.06298031865042174 1 0
0.5869797225186767 0.46563136456211807 0.1373477038425492 1 0
0.47669868374244045 0.4315173116089613 0.051101218369259606 1 0
0.4343649946638207 0.45875763747454174 0.10290534208059982 1 0
0.5403770900035575 0.33630346232179226 0.07949859418931585 1 0
0.4870152970473141 0.40911405295315684 0.0598875351452671 1 0
0.5752401280683032 0.40911405295315684 0.15583411433926897 1 0
0.37602276769832804 0.5147657841140529 0.5342080599812559 1 0
0.47883315546069016 0.7181771894093686 0.029779756326147842 1 0
0.4859480611881893 0.3856924643584521 0.09955482661668229 1 0
0.4009249377445749 0.329938900203666 0.18509840674789127 1 0
0.3927427961579509 0.380091649694501 0.0830834114339269 1 0
0.42867307008182143 0.5784114052953157 0.18610590440487348 1 0
0.4407684098185699 0.445010183299389 0.1380506091846298 1 0
0.4724297403059409 0.34928716904276985 0.1189550140581066 1 0
0.4343649946638207 0.3587067209775967 0.16023898781630716 1 0
0.4937744574884383 0.41140529531568226 0.04791471415182755 1 0
0.4009249377445749 0.3946028513238289 0.23594189315838798 1 0
0.3649946638207044 0.31109979633401225 0.04505623242736645 1 0
0.31070793311988615 0.4287169042769857 0.0 1 0
0.4304517965136962 0.45112016293279017 0.11206654170571698 1 0
0.5001778726431875 0.43737270875763745 0.06281630740393628 1 0
0.48061188189256493 0.4809063136456212 0.20103092783505155 1 0
0.4553539665599431 0.44450101832993894 0.17314901593252108 1 0
0.3934542867307008 0.3775458248472505 0.06354264292408622 1 0
0.41977943792244754 0.4394093686354379 0.06684629803186504 1 0
0.42440412664532196 0.27774949083503053 0.06105904404873477 1 0
0.4610458911419424 0.46563136456211807 0.09505623242736645 1 0
0.46033440056919245 0.41165987780040736 0.07722586691658857 1 0
0.43898968338669514 0.38060081466395107 0.04941424554826617 1 0
0.38918534329420135 0.47326883910386963 0.11583880037488284 1 0
0.5741728922091782 0.37830957230142565 0.12886597938144329 1 0
0.45713269299181786 0.5440427698574338 0.14353327085285847 1 0
0.43649946638207043 0.45621181262729127 0.07523430178069353 1 0
0.4041266453219495 0.44730142566191444 0.06520618556701031 1 0
0.3927427961579509 0.4284623217922606 0.07136832239925023 1 0
0.33429384560654574 0.5519348268839104 0.08751171508903467 1 0
0.5332621842760583 0.5628818737270875 0.16070759137769447 1 0
0.42298114549982213 0.5389511201629328 0.05986410496719775 1 0
0.33457844183564567 0.5524439918533605 0.04796157450796626 1 0
0.4517965136961935 0.30982688391038693 0.05529522024367385 1 0
0.3970117395944504 0.545061099796334 0.020981724461105904 1 0
0.4115972963358236 0.4847250509164969 0.128514526710403 1 0
0.5225898256848097 0.3559063136456212 0.3397375820056232 1 0
0.41302027748132336 0.4078411405295315 0.16628397375820056 1 0
0.4859480611881893 0.48701629327902235 0.22626522961574508 1 0
0.34656705798648174 0.48676171079429736 0.020932521087160264 1 0
0.3568125222340804 0.5417515274949084 0.005787253983130272 1 0
0.3728210601209534 0.38136456211812625 0.14843017806935332 1 0
0.384204909284952 0.5595723014256619 0.08467666354264292 1 0
0.3959445037353255 0.42311608961303465 0.03207591377694471 1 0
0.45250800426894344 0.449847250509165 0.032849109653233365 1 0
0.4411241551049449 0.45010183299389 0.18137300843486412 1 0
0.528637495553184 0.4312627291242363 0.07839737582005624 1 0
0.45784418356456774 0.4974541751527495 0.04210402999062793 1 0
0.49946638207043753 0.40682281059063136 0.08280224929709441 1 0
0.4927072216293134 0.49898167006109984 0.031443298969072164 1 0
0.49875489149768765 0.3986761710794297 0.04889878163074039 1 0
0.39025257915332623 0.43788187372708753 0.22157919400187442 1 0
0.4902170046246887 0.40198574338085535 0.02471883786316776 1 0
0.37602276769832804 0.46639511201629325 0.04669634489222118 1 0
0.4265385983635717 0.6336558044806517 0.12748359887535146 1 0
0.5265030238349342 0.4495926680244399 0.09533739456419868 1 0
0.5168979011028104 0.49236252545824843 0.2065838800374883 1 0
0.4222696549270722 0.5483706720977596 0.20564667291471414 1 0
0.42689434364994666 0.7186863543788188 0.09500937207122774 1 0
0.5168979011028104 0.3559063136456212 0.16155107778819117 1 0
0.44895055140519385 0.4366089613034623 0.06949390815370197 1 0
0.4759871931696905 0.7820773930753564 0.06604967197750679 1 0
0.4137317680540733 0.7456720977596741 0.1677600749765698 1 0
0.4699395233013163 0.6428207739307535 0.06494845360824719 1 0
0.4624688722874422 0.6397657841140529 0.02825679475164011 1 0
0.34702952685876914 0.7179226069246435 0.036105904404873476 1 0
0.512273212379936 0.6871181262729124 0.08144329896907217 1 0
0.4126645321949484 0.46741344195519346 0.07888940955951265 1 0
0.46851654215581645 0.4638492871690427 0.11384723523898757 1 0
0.47100675916044116 0.5124745417515274 0.23664479850046835 1 0
0.4674493062966916 0.5280040733197555 0.2542174320524836 1 0
0.343934542867307 0.4607942973523422 0.03465323336457357 1 0
0.4133760227676983 0.46283095723014256 0.23898781630740393 1 0
0.3438989683386695 0.4707230142566191 0.06907216494845361 1 0
0.42831732479544643 0.7163951120162932 0.05545923149015932 1 0
0.5307719672714336 0.380091649694501 0.12977975632614783 1 0
0.43649946638207043 0.7629837067209776 0.0 1 0
0.38705087157595164 0.3976578411405295 0.11984536082474227 1 0
0.456421202419068 0.4004582484725051 0.13671508903467666 1 0
0.5051583066524369 0.5226578411405296 0.1186269915651359 1 0
0.49448594806118823 0.42311608961303465 0.0521087160262418 1 0
0.40875133404482394 0.37143584521384926 0.12436738519212721 1 0
0.43258626823194596 0.45901221995926683 0.0683223992502343 1 0
0.49448594806118823 0.4898167006109979 0.07017338331771321 1 0
0.47918890074706516 0.3579429735234216 0.13556701030927834 1 0
0.48737104233368905 0.44908350305498984 0.10656044985941893 1 0
0.559587335467805 0.2871690427698574 0.2790534208059981 1 0
0.4429028815368196 0.41776985743380857 0.3617619493908154 1 0
0.5208110992529349 0.4289714867617108 0.12164948453608249 1 0
0.41551049448594807 0.41165987780040736 0.10025773195876264 1 0
0.43578797580932055 0.5712830957230143 0.0401593252108716 1 0
0.6350053361792957 0.33681262729124234 0.10414714151827555 1 0
0.4432586268231946 0.3266293279022403 0.01680646672914714 1 0
0.4681607968694415 0.5229124236252546 0.042174320524835995 1 0
0.5289932408395589 0.514511201629328 0.1598875351452671 1 0
0.4500177872643188 0.4625763747454175 0.18783973758200562 1 0
0.44361437210956955 0.4406822810590631 0.08455951265229615 1 0
0.5350409107079331 0.4261710794297352 0.18090440487347703 1 0
0.4461045891141942 0.4154786150712831 0.13889409559512628 1 0
0.32970473141230877 0.3276476578411405 0.22797563261480785 1 0
0.344219139096407 0.3345213849287169 0.27835051546391754 1 0
0.43472073995019567 0.510183299389002 0.19154170571696344 1 0
0.3934542867307008 0.4358452138492872 0.09519681349578256 1 0
0.5798648167911775 0.39969450101832993 0.12947516401124648 1 0
0.41764496620419783 0.3739816700610998 0.15759137769447049 1 0
0.5268587691213091 0.3742362525458248 0.08003748828491097 1 0
0.5186766275346851 0.34775967413441955 0.19264292408622305 1 0
0.4034151547491996 0.4737780040733197 0.10079662605435777 1 0
0.45819992885094274 0.4638492871690427 0.11305060918462981 1 0
0.4535752401280683 0.425152749490835 0.09090909090909091 1 0
0.3306652436855212 0.35386965376782076 0.07806935332708505 1 0
0.40056919245819994 0.504837067209776 0.01187207122774133 1 0
0.48772678762006405 0.4755600814663951 0.12617150890346768 1 0
0.35030238349341875 0.3991853360488798 0.054592314901593254 1 0
0.3049092849519744 0.3335030549898167 0.060098406747891284 1 0
0.47883315546069016 0.47734215885947046 0.09843017806935334 1 0
0.43898968338669514 0.31237270875763745 0.06930646672914714 1 0
0.495908929206688 0.33528513238289204 0.23664479850046835 1 0
0.42938456065457137 0.3421588594704684 0.08858950328022494 1 0
0.4180007114905728 0.44704684317718935 0.12375820056232428 1 0
0.4151547491995731 0.5096741344195519 0.09840674789128398 1 0
0.48665955176093917 0.41573319755600807 0.041049671977506794 1 0
0.3898968338669513 0.4485743380855397 0.12331302717900632 1 0
0.415866239772323 0.6221995926680245 0.10578725398313027 1 0
0.2749555318392031 0.6489307535641547 0.0 1 0
0.2736036997509783 0.6476578411405296 0.216776007497657 1 0
0.41053006047669865 0.3676171079429735 0.15784910965323337 1 0
0.5147634293845607 0.6362016293279021 0.23641049671977507 1 0
0.5243685521166844 0.6471486761710794 0.09618088097469542 1 0
0.4699395233013163 0.7143584521384928 0.06998594189315815 1 0
0.4934187122020633 0.5269857433808554 0.08641049671977508 1 0
0.4845250800426894 0.5913951120162932 0.0696813495782568 1 0
0.3671291355389541 0.41624236252545826 0.023711340206185566 1 0
0.3649946638207044 0.4220977596741344 0.1021087160262418 1 0
0.3444681607968694 0.49236252545824843 0.05475632614807872 1 0
0.38491639985770193 0.6163441955193483 0.03626991565135895 1 0
0.3863393810032017 0.5468431771894093 0.0 1 0
0.3959445037353255 0.5712830957230143 0.11302717900656044 1 0
0.4542867307008182 0.7492362525458248 0.04679006560449836 1 0
0.332017075773746 0.5585539714867618 0.0936269915651359 1 0
0.45819992885094274 0.7362525458248472 0.14514995313964385 1 0
0.3660618996798292 0.7029022403258656 0.14055763823805037 1 0
0.36143721095695486 0.49872708757637474 0.011773664479850047 1 0
0.3352187833511206 0.709775967413442 0.0 1 0
0.5190323728210601 0.5773930753564155 0.24109653233364575 1 0
0.40946282461757383 0.6092158859470468 0.260543580131209 1 0
0.4998221273568126 0.6911914460285132 0.10454545454545454 1 0
0.3984347207399502 0.7477087576374746 0.0 1 0
0.2760583422269655 0.6247454175152749 0.0 1 0
0.639985770188545 0.26425661914460286 0.7031396438612932 0 1
0.7317680540732836 0.45239307535641543 0.2036082474226804 0 1
0.7004624688722875 0.5409877800407332 0.46251171508903466 0 1
0.40626111704019924 0.5188391038696537 0.5656044985941893 0 1
0.7218071860547848 0.365071283095723 0.4639175257731959 0 1
0.4429028815368196 0.39969450101832993 0.3697282099343955 0 1
0.6492351476342939 0.5086558044806517 0.26405810684161196 0 1
0.48772678762006405 0.530295315682281 0.21944704779756327 0 1
0.4624688722874422 0.5554989816700611 0.43556701030927836 0 1
0.4432586268231946 0.6120162932790224 0.5325679475164011 0 1
0.5699039487726788 0.5916496945010182 0.07729615745079663 0 1
0.5613660618996799 0.4554480651731161 0.23322399250234302 0 1
0.6819637139807898 0.6313645621181263 0.4838331771321462 0 1
0.5638562789043046 0.6097250509164969 0.23284910965323335 0 1
0.488438278192814 0.5756109979633401 0.49859418931583876 0 1
0.5172536463891854 0.7011201629327902 0.384020618556701 0 1
0.5222340803984348 0.5124745417515274 0.17326616682286786 0 1
0.5738171469228033 0.5264765784114053 0.4034676663542643 0 1
0.7047314123087869 0.5639002036659877 0.3465323336457357 0 1
0.5457132692991818 0.36303462321792257 0.4866447985004686 0 1
0.752757025969406 0.5865580448065173 0.257029053420806 0 1
0.5923159018143009 0.5442973523421588 0.3573102155576382 0 1
0.6097474208466738 0.41751527494908347 0.5222586691658856 0 1
0.5186766275346851 0.5481160896130346 0.3338800374882849 0 1
0.6620419779437923 0.5155295315682281 0.34910965323336457 0 1
0.544290288153682 0.6433299389002036 0.3943298969072165 0 1
0.6250444681607968 0.38314663951120165 0.2313730084348641 0 1
0.6627534685165422 0.6392566191446029 0.5433458294283037 0 1
0.42120241906794736 0.4760692464358452 0.28537956888472354 0 1
0.6054784774101744 0.610488798370672 0.5663074039362699 0 1
0.6855211668445393 0.6738798370672098 0.3882380506091846 0 1
0.5738171469228033 0.455193482688391 0.317244611059044 0 1
0.5955176093916755 0.549643584521385 0.3158388003748828 0 1
0.5069370330843116 0.5529531568228105 0.30904404873477037 0 1
0.5332621842760583 0.6415478615071283 0.05618556701030928 0 1
0.4795446460334401 0.530040733197556 0.24906279287722588 0 1
0.4781216648879402 0.5493890020366599 0.07286785379568884 0 1
0.3895410885805763 0.5435336048879837 0.24461105904404876 0 1
0.6784062611170403 0.6316191446028513 0.4936738519212746 0 1
0.4724297403059409 0.5162932790224033 0.2307169634489222 0 1
0.46851654215581645 0.555244399185336 0.1935098406747891 0 1
0.663464959089292 0.4480651731160896 0.46251171508903466 0 1
0.46851654215581645 0.475050916496945 0.2872539831302718 0 1
0.648167911775169 0.4760692464358452 0.41518275538894095 0 1
0.5371753824261829 0.5605906313645621 0.1230787253983128 0 1
0.6833866951262896 0.47275967413441955 0.3099812558575445 0 1
0.5233013162575596 0.549643584521385 0.3029522024367385 0 1
0.5069370330843116 0.5639002036659877 0.5002343017806935 0 1
0.4510850231234436 0.6069246435845214 0.2642924086223055 0 1
0.5257915332621843 0.6094704684317719 0.29686035613870665 0 1
0.6737815723941658 0.5425152749490835 0.25304592314901597 0 1
0.6118818925649235 0.6242362525458248 0.3964386129334583 0 1
0.4909284951974387 0.40198574338085535 0.18249765698219306 0 1
0.5716826752045535 0.500254582484725 0.22888940955951265 0 1
0.6421202419067947 0.41115071283095717 0.39456419868791 0 1
0.7178939879046603 0.610234215885947 0.8795688847235239 0 1
0.8971896122376378 0.6341649694501018 0.7823336457357075 0 1
0.6794734969761651 0.6692973523421588 0.45384254920337397 0 1
0.6567057986481679 0.4714867617107943 0.3127928772258669 0 1
0.5151191746709356 0.5463340122199593 0.282099343955014 0 1
0.6766275346851655 0.6260183299389002 0.34395501405810686 0 1
0.5467805051583067 0.5794297352342159 0.2628865979381443 0 1
0.535752401280683 0.504837067209776 0.3983130271790066 0 1
0.72073995019566 0.5863034623217923 0.34325210871602624 0 1
0.5129847029526858 0.5033095723014256 0.2199625117150888 0 1
0.48416933475631446 0.6359470468431772 0.20208528584817242 0 1
0.4663820704375667 0.39613034623217924 0.4852389878163074 0 1
0.792244752757026 0.5007637474541752 0.9990627928772259 0 1
0.5289932408395589 0.4243890020366599 0.395970009372071 0 1
0.5613660618996799 0.5832484725050916 0.49976569821930644 0 1
0.6385627890430452 0.5094195519348269 0.1708762886597938 0 1
0.6638207043756671 0.4358452138492872 0.34137769447047794 0 1
0.8626823194592672 0.5142566191446029 1.0 0 1
0.48416933475631446 0.6285641547861507 0.12382849109653234 0 1
0.6759160441124156 0.4814154786150713 0.2172211808809747 0 1
0.704019921736037 0.639511201629328 0.5962980318650422 0 1
0.5499822127356813 0.4959266802443992 0.3434864104967198 0 1
0.5748843827819281 0.5483706720977596 0.2443767572633552 0 1
0.656350053361793 0.5577902240325865 0.27014995313964385 0 1
0.4542867307008182 0.5720468431771893 0.11037956888472351 0 1
0.5318392031305585 0.44730142566191444 0.36059044048734773 0 1
0.5731056563500534 0.4595213849287169 0.22134489222118087 0 1
0.41977943792244754 0.4220977596741344 0.38870665417057165 0 1
0.6289576663109214 0.5280040733197555 0.4346298031865042 0 1
0.6826752045535397 0.40580448065173114 0.2795220243673852 0 1
0.6969050160085379 0.4620672097759674 0.5876288659793815 0 1
0.8278192813945215 0.5610997963340122 0.310215557638238 0 1
0.5969405905371754 0.4786150712830957 0.19732895970009373 0 1
0.6214870152970473 0.6283095723014256 0.5058575445173383 0 1
0.4777659196015653 0.4997454175152749 0.13725398313027157 0 1
0.5499822127356813 0.30269857433808556 0.47610121836925956 0 1
0.5855567413731768 0.5119653767820773 0.4201030927835051 0 1
0.9683386695126289 0.5567718940936863 0.6726804123711341 0 1
0.7502668089647813 0.6764256619144603 0.5827085285848173 0 1
0.5585200996086802 0.5170570264765784 0.15447516401124625 0 1
0.5435787975809321 0.5705193482688391 0.12593720712277412 0 1
0.6513696193525436 0.47301425661914454 0.19140112464854733 0 1
0.5058697972251868 0.5885947046843177 0.4641518275538894 0 1
0.43898968338669514 0.6838085539714868 0.2542174320524836 0 1
0.528637495553184 0.5908859470468432 0.3976101218369259 0 1
0.48986125933831376 0.5674643584521385 0.3245079662605436 0 1
0.6431874777659196 0.5560081466395111 0.2584348641049672 0 1
0.6823194592671648 0.5725560081466394 0.26101218369259604 0 1
0.5140519388118108 0.5147657841140529 0.2764761012183693 0 1
0.623977232301672 0.49185336048879835 0.24273664479850046 0 1
0.8285307719672714 0.6789714867617108 0.8254451733833177 0 1
0.49128424048381364 0.6046334012219959 0.3650421743205248 0 1
0.5378868729989328 0.4246435845213849 0.1768978444236176 0 1
0.6051227321237994 0.5157841140529532 0.16283973758200562 0 1
0.7321237993596584 0.5636456211812627 0.38425492033739433 0 1
1.0 0.47021384928716903 0.75 0 1
0.6197082888651726 0.6507128309572301 0.3940955951265229 0 1
0.5048025613660619 0.6061608961303462 0.2612464854732896 0 1
0.49306296691568835 0.4310081466395112 0.23198219306466727 0 1
0.7043756670224119 0.5488798370672098 0.2980318650421743 0 1
0.6947705442902882 0.8266293279022403 0.2682755388940956 0 1
0.5602988260405549 0.5155295315682281 0.26874414245548267 0 1
0.456421202419068 0.5684826883910387 0.3971415182755389 0 1
0.6065457132692992 0.4857433808553971 0.4475164011246485 0 1
0.7296335823550338 0.7079938900203665 0.3641049671977507 0 1
0.8256848096762719 0.6866089613034623 0.4568884723523899 0 1
0.728566346495909 0.5463340122199593 0.21185567010309278 0 1
0.6211312700106724 1.0 0.33200562324273664 0 1
0.6901458555674137 0.5982688391038696 0.48008434864104965 0 1
0.7449306296691569 0.5997963340122199 0.6354264292408622 0 1
0.7018854500177873 0.504582484725051 0.5663074039362699 0 1
0.6154393454286731 0.43482688391038693 0.2966260543580131 0 1
0.6919245819992885 0.49210794297352334 0.32310215557638233 0 1
0.49662041977943794 0.4340631364562118 0.22935801312089946 0 1
0.6954820348630381 0.7324338085539714 0.41799437675726336 0 1
0.5450017787264319 0.43966395112016293 0.5735707591377694 0 1
0.5570971184631803 0.5906313645621181 0.7441424554826617 0 1
0.552472429740306 0.854378818737271 0.41026241799437674 0 1
0.7225186766275347 0.6889002036659877 0.355904404873477 0 1
0.6172180718605479 0.5870672097759674 0.06773664479850047 0 1
0.6150836001422981 0.5633910386965376 0.2272024367385192 0 1
0.5553183920313056 0.49338085539714865 0.09861761949390792 0 1
0.6115261472785486 0.5618635437881874 0.21230084348641048 0 1
0.7374599786552829 0.7922606924643585 0.3202905342080599 0 1
0.7737459978655283 0.5343686354378818 0.5142924086223055 0 1
0.6378512984702953 0.6232179226069247 0.1335285848172446 0 1
0.6691568836712913 0.5086558044806517 0.18791002811621366 0 1
0.6816079686944149 0.6771894093686355 0.4500937207122774 0 1
0.6901458555674137 0.46283095723014256 0.3809746954076851 0 1
0.5777303450729278 0.47785132382892054 0.4564198687910028 0 1
0.4183564567769477 0.46181262729124234 0.06291002811621368 0 1
0.6947705442902882 0.4811608961303462 0.5147610121836926 0 1
0.7146922803272857 0.6074338085539714 0.5349109653233365 0 1
0.648167911775169 0.4803971486761711 0.2647610121836926 0 1
0.7171824973319104 0.5005091649694501 0.2706185567010309 0 1
0.7235859124866596 0.5476069246435845 0.6009840674789129 0 1
0.5787975809320527 0.5272403258655805 0.34629803186504216 0 1
0.5784418356456777 0.5570264765784113 0.42150890346766634 0 1
0.5702596940590537 0.394857433808554 0.282099343955014 0 1
0.6069014585556741 0.5346232179226069 0.35332708528584816 0 1
0.6677339025257916 0.5455702647657841 0.24835988753514526 0 1
0.8363571682675205 0.6178716904276985 0.5407685098406748 0 1
0.7001067235859125 0.5519348268839104 0.4365042174320525 0 1
0.5602988260405549 0.48930753564154783 0.6827553889409559 0 1
0.9153326218427607 0.44450101832993894 0.78912839737582 0 1
0.5364638918534329 0.655295315682281 0.2893626991565136 0 1
0.7271433653504091 0.5544806517311609 0.22959231490159324 0 1
0.7186054784774102 0.6830448065173116 0.38448922211808806 0 1
0.7723230167200285 0.4391547861507128 0.2736644798500469 0 1
0.7829953753112772 0.5575356415478615 0.5735707591377694 0 1
0.5816435432230523 0.5929226069246435 0.42432052483598875 0 1
0.76022767698328 0.38441955193482685 0.4526710402999063 0 1
0.7342582710779082 0.44170061099796337 0.3577788191190253 0 1
0.39416577730345076 0.47937881873727084 0.39573570759137766 0 1
0.5193881181074351 0.5929226069246435 0.1965791940018744 0 1
0.6954820348630381 0.5908859470468432 0.4348641049671977 0 1
0.5510494485948061 0.5084012219959266 0.44306466729147137 0 1
0.7687655638562789 0.5672097759674135 0.6583880037488286 0 1
0.6371398078975454 0.535132382892057 0.7471883786316776 0 1
0.639985770188545 0.5259674134419552 0.28139643861293345 0 1
0.5382426182853077 0.7589103869653767 0.10979381443298969 0 1
0.551405193881181 0.5366598778004072 0.35660731021555764 0 1
0.5300604766986837 0.5735743380855397 0.6403467666354263 0 1
0.7178939879046603 0.4974541751527495 0.49976569821930644 0 1
0.6695126289576664 0.5593177189409368 0.373477038425492 0 1
0.4973319103521879 0.4994908350305499 0.26382380506091846 0 1
0.6143721095695482 0.6471486761710794 0.282099343955014 0 1
0.6414087513340448 0.4289714867617108 0.25538894095595127 0 1
0.6314478833155461 0.7135947046843177 0.3978444236176195 0 1
0.7506225542511562 0.5224032586558045 0.3683223992502343 0 1
0.6969050160085379 0.6364562118126272 0.3877694470477976 0 1
0.607612949128424 0.6911914460285132 0.23594189315838798 0 1
0.9754535752401281 0.6687881873727087 0.8516869728209934 0 1
0.6261117040199218 0.5939409368635438 0.5004686035613871 0 1
0.5780860903593027 0.49669042769857435 0.5238987816307403 0 1
0.6915688367129136 0.4791242362525458 0.528584817244611 0 1
0.5937388829598008 0.5142566191446029 0.08549671977507005 0 1
0.640697260761295 0.5234215885947047 0.27413308341143366 0 1
0.6577730345072927 0.4460285132382892 0.3493439550140581 0 1
0.7324795446460335 0.5407331975560081 0.5126522961574508 0 1
0.4916399857701886 0.6234725050916496 0.3179475164011246 0 1
0.8214158662397724 0.504837067209776 0.39268978444236174 0 1
0.5499822127356813 0.6097250509164969 0.47563261480787256 0 1
0.47669868374244045 0.5224032586558045 0.33856607310215553 0 1
0.5353966559943081 0.4854887983706721 0.17539831302717898 0 1
0.6513696193525436 0.5239307535641547 0.36761949390815374 0 1
0.7075773745997865 0.5157841140529532 0.33059981255857546 0 1
0.8762006403415155 0.54989816700611 0.5412371134020618 0 1
0.728210601209534 0.5262219959266803 0.35684161199625114 0 1
0.7310565635005336 0.5310590631364562 0.48851921274601684 0 1
0.5076485236570616 0.5740835030549898 0.3427835051546392 0 1
0.5414443258626823 0.7795315682281059 0.5974695407685099 0 1
0.744219139096407 0.6387474541751528 0.7436738519212747 0 1
0.7669868374244041 0.570010183299389 0.5714620431115276 0 1
0.7161152614727855 0.7191955193482689 0.33739456419868796 0 1
0.5905371753824262 0.7148676171079429 0.21675257731958764 0 1
0.7328352899324084 0.7466904276985743 0.8233364573570758 0 1
