0.4745642120241907 0.4037678207739308 0.2738987816307404 1 0
0.5158306652436855 0.27724032586558045 0.2071696344892221 1 0
0.4009249377445749 0.329938900203666 0.18509840674789127 1 0
0.5350409107079331 0.4261710794297352 0.18090440487347706 1 0
0.4557097118463181 0.3324847250509165 0.02153936269915652 1 0
0.3614372109569549 0.4987270875763747 0.011773664479850048 1 0
0.3770900035574529 0.4824338085539714 0.1496485473289597 1 0
0.5318392031305585 0.4778513238289205 0.2120431115276476 1 0
0.4183564567769477 0.5498981670061099 0.03882380506091823 1 0
0.520099608680185 0.6115071283095723 0.07268041237113401 1 0
0.4574884382781928 0.3391038696537678 0.08903467666354263 1 0
0.44895055140519385 0.4366089613034623 0.06949390815370197 1 0
0.3738882959800783 0.5878309572301426 0.05845829428303655 1 0
0.4710067591604412 0.5124745417515274 0.23664479850046835 1 0
0.47207399501956604 0.3757637474541751 0.0764058106841612 1 0
0.3263251511917467 0.3528513238289205 0.14029990627928748 1 0
0.4624688722874422 0.5290224032586558 0.07347703842549203 1 0
0.4247598719316969 0.5285132382892057 0.15402999062792852 1 0
0.4500177872643188 0.4625763747454175 0.1878397375820056 1 0
0.3065812877979367 0.30015274949083504 0.048289597000937205 1 0
0.42938456065457137 0.3421588594704684 0.08858950328022494 1 0
0.5019565990750623 0.3279022403258656 0.04135426429240862 1 0
0.4091070793311989 0.4697046843177189 0.061808809746954074 1 0
0.4364994663820704 0.7629837067209776 0.0 1 0
0.5325506937033084 0.4315173116089613 0.06096532333645713 1 0
0.34702952685876914 0.7179226069246435 0.03610590440487348 1 0
0.3568125222340804 0.5417515274949084 0.005787253983130272 1 0
0.4927072216293134 0.43813645621181263 0.033270852858481734 1 0
0.3457844183564568 0.4638492871690427 0.0 1 0
0.3731768054073284 0.4737780040733197 0.05381911902530435 1 0
0.4859480611881893 0.4870162932790224 0.2262652296157451 1 0
0.3984347207399502 0.7477087576374746 0.0 1 0
0.3671291355389541 0.4162423625254583 0.02371134020618557 1 0
0.4009249377445749 0.3946028513238289 0.235941893158388 1 0
0.4382781928139453 0.3154276985743381 0.09341611996251148 1 0
0.34034151547492 0.40504073319755607 0.038706654170571696 1 0
0.4059053717538243 0.379837067209776 0.14482193064667293 1 0
0.5432230522945571 0.32866598778004075 0.1380506091846298 1 0
0.4347207399501957 0.510183299389002 0.19154170571696344 1 0
0.4364994663820704 0.4562118126272913 0.07523430178069353 1 0
0.4898612593383138 0.33783095723014256 0.024906279287722592 1 0
0.43578797580932055 0.5712830957230143 0.0401593252108716 1 0
0.4542867307008182 0.545061099796334 0.07291471415182754 1 0
0.3934542867307008 0.3775458248472505 0.06354264292408622 1 0
0.3513340448239061 0.4396639511201629 0.04114339268978444 1 0
0.4283173247954464 0.7163951120162932 0.05545923149015932 1 0
0.5126289576663109 0.5022912423625254 0.3191190253045923 1 0
0.4517965136961935 0.3098268839103869 0.05529522024367385 1 0
0.3212024190679473 0.4411914460285132 0.7333645735707591 1 0
0.4674493062966916 0.5280040733197555 0.2542174320524836 1 0
0.292387050871576 0.5269857433808554 0.30951265229615743 1 0
0.4546424759871932 0.4198065173116089 0.08559044048734771 1 0
0.3478121664887941 0.4325356415478615 0.1015463917525773 1 0
0.35030238349341875 0.3991853360488798 0.05459231490159325 1 0
0.2915688367129136 0.4287169042769857 0.037207122774133086 1 0
0.343934542867307 0.4607942973523422 0.03465323336457357 1 0
0.41053006047669865 0.3676171079429735 0.15784910965323334 1 0
0.5268587691213091 0.3742362525458248 0.08003748828491097 1 0
0.4126645321949484 0.4674134419551935 0.07888940955951265 1 0
0.4005691924582 0.504837067209776 0.011872071227741329 1 0
0.432586268231946 0.4590122199592668 0.0683223992502343 1 0
0.559587335467805 0.2871690427698574 0.2790534208059981 1 0
0.4176449662041978 0.3739816700610998 0.15759137769447049 1 0
0.4229811454998221 0.4671588594704685 0.1554826616682287 1 0
0.4304517965136962 0.4511201629327902 0.11206654170571698 1 0
0.4180007114905728 0.44704684317718935 0.12375820056232427 1 0
0.4994663820704375 0.40682281059063136 0.08280224929709441 1 0
0.42867307008182143 0.3724541751527495 0.15445173383317715 1 0
0.4823906083244398 0.3538696537678208 0.18416119962511715 1 0
0.3941657773034508 0.3744908350305499 0.05536551077788191 1 0
0.4585556741373178 0.3340122199592668 0.05295220243673852 1 0
0.4998221273568126 0.6911914460285132 0.10454545454545454 1 0
0.4290288153681964 0.4811608961303462 0.017596063730084113 1 0
0.416221985058698 0.4865071283095722 0.03708997188378632 1 0
0.4663820704375667 0.5738289205702647 0.20395970009372072 1 0
0.5122732123799361 0.6871181262729124 0.08144329896907218 1 0
0.4436143721095696 0.4406822810590631 0.08455951265229615 1 0
0.4525080042689434 0.449847250509165 0.032849109653233365 1 0
0.46424759871931703 0.4732688391038696 0.22499999999999976 1 0
0.4937744574884383 0.4114052953156823 0.04791471415182755 1 0
0.424404126645322 0.2777494908350305 0.06105904404873477 1 0
0.34816791177516904 0.5076374745417516 0.016000468603561392 1 0
0.4927072216293134 0.3864562118126273 0.10494376757263332 1 0
0.3824261828530772 0.3811099796334012 0.052741330834114336 1 0
0.4934187122020633 0.5269857433808554 0.08641049671977508 1 0
0.3646389185343295 0.4119144602851323 0.15759137769447049 1 0
0.4507292778370687 0.4404276985743381 0.07481255857544516 1 0
0.4553539665599431 0.4445010183299389 0.17314901593252108 1 0
0.5168979011028104 0.3559063136456212 0.16155107778819114 1 0
0.43507648523657066 0.4979633401221996 0.09810215557638237 1 0
0.3927427961579509 0.380091649694501 0.0830834114339269 1 0
0.3649946638207044 0.3744908350305499 0.08390346766635426 1 0
0.5072927783706865 0.500254582484725 0.7036082474226805 1 0
0.4201351832088225 0.4427189409368635 0.05513120899718838 1 0
0.42511561721807184 0.38085539714867617 0.027436738519212744 1 0
0.4891497687655639 0.605142566191446 0.11005154639175256 1 0
0.3649946638207044 0.31109979633401225 0.04505623242736645 1 0
0.40199217360369977 0.4630855397148677 0.3626991565135895 1 0
0.4731412308786909 0.5491344195519349 0.07835051546391751 1 0
0.5197438633938101 0.3994399185336049 0.033903467666354034 1 0
0.3738882959800783 0.5140020366598779 0.15173383317713213 1 0
0.4176449662041978 0.35692464358452136 0.052600749765698215 1 0
0.4859480611881893 0.3856924643584521 0.09955482661668227 1 0
0.3183920313055852 0.4012219959266802 0.21703373945641968 1 0
0.4578441835645677 0.4126782077393075 0.09137769447047796 1 0
0.3792244752757026 0.3856924643584521 0.0 1 0
0.3444681607968694 0.4923625254582484 0.05475632614807872 1 0
0.4855923159018144 0.335030549898167 0.09109653233364573 1 0
0.4023479188900747 0.4847250509164969 0.08690253045923148 1 0
0.5225898256848097 0.3559063136456212 0.3397375820056232 1 0
0.6350053361792957 0.33681262729124234 0.10414714151827556 1 0
0.4375667022411953 0.4842158859470469 0.01817244611059044 1 0
0.43329775880469584 0.3584521384928717 0.026312089971883786 1 0
0.4432586268231946 0.3266293279022403 0.01680646672914714 1 0
0.4699395233013163 0.7143584521384928 0.06998594189315815 1 0
0.4902170046246887 0.40198574338085535 0.02471883786316776 1 0
0.3575240128068303 0.4462830957230143 0.05883317713214621 1 0
0.3216648879402348 0.4811608961303462 0.4627460168697282 1 0
0.4016364283173248 0.33197556008146634 0.07649953139643861 1 0
0.3161864105300605 0.3727087576374745 0.20164011246485472 1 0
0.5332621842760583 0.5628818737270875 0.16070759137769447 1 0
0.4788331554606902 0.7181771894093686 0.02977975632614784 1 0
0.39665599430807547 0.3329938900203666 0.046438612933458065 1 0
0.4461045891141942 0.4154786150712831 0.13889409559512628 1 0
0.3970117395944504 0.545061099796334 0.020981724461105904 1 0
0.40803984347207395 0.4080957230142566 0.060613870665416826 1 0
0.3881181074350765 0.3144093686354379 0.028959700093720713 1 0
0.3991462113127001 0.5056008146639511 0.011729147141518277 1 0
0.47207399501956604 0.43329938900203663 0.08327085285848149 1 0
0.3297047314123088 0.3276476578411405 0.22797563261480785 1 0
0.4621131270010673 0.36227087576374745 0.08758200562324274 1 0
0.3084667378157239 0.36787169042769857 0.0 1 0
0.43578797580932055 0.4567209775967414 0.09102624179943768 1 0
0.528637495553184 0.4312627291242363 0.07839737582005624 1 0
0.4678050515830666 0.3905295315682281 0.21773664479850047 1 0
0.4461045891141942 0.46003054989816705 0.002797563261480787 1 0
0.4034151547491996 0.5412423625254583 0.12026710402999037 1 0
0.5058697972251868 0.7090122199592668 0.2584348641049672 1 0
0.32017075773746 0.3665987780040733 0.008624648547328959 1 0
0.4816791177516898 0.3655804480651731 0.15613870665417032 1 0
0.3991462113127001 0.8607433808553971 0.011637769447047796 1 0
0.41053006047669865 0.2729124236252546 0.03202905342080576 1 0
0.41657773034507295 0.43762729124236255 0.08924554826616682 1 0
0.4589114194236927 0.40529531568228105 0.11466729147141518 1 0
0.4421913909640697 0.43279022403258655 0.031443298969072164 1 0
0.43329775880469584 0.4541751527494908 0.058341143392689775 1 0
0.5190323728210601 0.5773930753564155 0.2410965323336457 1 0
0.3465670579864817 0.3989307535641548 0.02584348641049672 1 0
0.4229811454998221 0.4419551934826884 0.13891752577319566 1 0
0.3617929562433298 0.3788187372708758 0.025398313027179008 1 0
0.4944859480611882 0.4898167006109979 0.07017338331771321 1 0
0.4799003913198151 0.5677189409368636 0.11131677600749766 1 0
0.3628601921024546 0.44501018329938896 0.1352858481724461 1 0
0.3713980789754536 0.3935845213849287 0.015564667291471415 1 0
0.4628246175738172 0.565682281059063 0.003737113402061622 1 0
0.4436143721095696 0.4735234215885947 0.18755857544517335 1 0
0.41408751334044813 0.4666496945010183 0.165651358950328 1 0
0.5325506937033084 0.5030549898167006 0.045618556701030696 1 0
0.4411241551049449 0.45010183299389006 0.18137300843486406 1 0
0.5129847029526858 0.42107942973523416 0.1876054358013121 1 0
0.3058342226965493 0.4735234215885947 0.0 1 0
0.4407684098185699 0.44501018329938896 0.1380506091846298 1 0
0.43970117395944497 0.4719959266802444 0.06192596063730085 1 0
0.456421202419068 0.4004582484725051 0.13671508903467666 1 0
0.4845250800426894 0.5913951120162932 0.0696813495782568 1 0
0.44895055140519385 0.6102342158859471 0.1274133083411434 1 0
0.3927427961579509 0.4284623217922606 0.07136832239925023 1 0
0.3342938456065457 0.5519348268839104 0.08751171508903467 1 0
0.4606901458555674 0.4078411405295315 0.14421274601686973 1 0
0.33671291355389543 0.534877800407332 0.05089034676663543 1 0
0.4539309854144433 0.479633401221996 0.06298031865042174 1 0
0.4592671647100676 0.4157331975560081 0.09074507966260544 1 0
0.41657773034507295 0.3933299389002036 0.09386129334582943 1 0
0.4180007114905728 0.5137474541751528 0.16033270852858456 1 0
0.42689434364994666 0.7186863543788188 0.09500937207122774 1 0
0.35233013162575594 0.4597759674134419 0.306232427366448 1 0
0.4229811454998221 0.5389511201629328 0.05986410496719775 1 0
0.4887940234791889 0.4559572301425662 0.06750234301780694 1 0
0.3870508715759517 0.3976578411405295 0.11984536082474227 1 0
0.3649946638207044 0.4220977596741344 0.1021087160262418 1 0
0.3381003201707577 0.3167006109979633 0.06925960637300843 1 0
0.4791889007470652 0.3579429735234216 0.13556701030927834 1 0
0.38918534329420135 0.4732688391038696 0.11583880037488285 1 0
0.38420490928495205 0.2471995926680245 0.059301780693533264 1 0
0.3417289220917823 0.4287169042769857 0.19732895970009373 1 0
0.46424759871931703 0.3523421588594705 0.010681818181818185 1 0
0.4535752401280683 0.425152749490835 0.09090909090909093 1 0
0.5147634293845607 0.6362016293279021 0.2364104967197751 1 0
0.5403770900035575 0.33630346232179226 0.07949859418931585 1 0
0.4991106367840626 0.5409877800407332 0.034254920337394565 1 0
0.2749555318392031 0.6489307535641547 0.0 1 0
0.3104233368907862 0.4030040733197556 0.0968134957825677 1 0
0.4247598719316969 0.4643584521384928 0.04620431115276453 1 0
0.5307719672714336 0.380091649694501 0.12977975632614785 1 0
0.4756314478833155 0.4172606924643584 0.18959700093720716 1 0
0.43329775880469584 0.5224032586558045 0.05583411433926898 1 0
0.41302027748132336 0.4078411405295315 0.16628397375820056 1 0
0.3438989683386695 0.4707230142566191 0.06907216494845361 1 0
0.3345784418356457 0.5524439918533605 0.04796157450796626 1 0
0.3107079331198861 0.4287169042769857 0.0 1 0
0.4944859480611882 0.42311608961303465 0.0521087160262418 1 0
0.5136961935254358 0.3864562118126273 0.1988519212746017 1 0
0.38420490928495205 0.5595723014256619 0.08467666354264293 1 0
0.4852365706154394 0.4159877800407332 0.04350984067478913 1 0
0.4137317680540733 0.7456720977596741 0.1677600749765698 1 0
0.4005691924582 0.5081466395112016 0.2172914714151828 1 0
0.4866595517609392 0.4157331975560081 0.0410496719775068 1 0
0.4012806830309498 0.3408859470468432 0.10859887535145267 1 0
0.24834578441835645 0.3419042769857434 0.0 1 0
0.3049092849519744 0.3335030549898167 0.06009840674789128 1 0
0.3585912486659552 0.3846741344195519 0.0037417994376757273 1 0
0.4493062966915689 0.5285132382892057 0.2495313964386129 1 0
0.5752401280683032 0.4091140529531568 0.15583411433926894 1 0
0.4041266453219495 0.4473014256619144 0.06520618556701031 1 0
0.5869797225186767 0.4656313645621181 0.1373477038425492 1 0
0.4094628246175738 0.6092158859470468 0.260543580131209 1 0
0.4059053717538243 0.2754582484725051 0.08228678537956888 1 0
0.4076840981856991 0.4623217922606925 0.07835051546391751 1 0
0.4585556741373178 0.3996945010183299 0.2612464854732896 1 0
0.4539309854144433 0.340376782077393 0.09493908153701967 1 0
0.33201707577374606 0.5585539714867618 0.0936269915651359 1 0
0.4044823906083244 0.4809063136456212 0.05620899718837863 1 0
0.4215581643543223 0.4445010183299389 0.06298031865042174 1 0
0.5168979011028104 0.4923625254582484 0.2065838800374883 1 0
0.4418356456776948 0.38289205702647655 0.02467197750702905 1 0
0.3898968338669513 0.4485743380855397 0.12331302717900633 1 0
0.4429028815368196 0.41776985743380857 0.3617619493908154 1 0
0.4066168623265742 0.4406822810590631 0.047586691658856366 1 0
0.4115972963358236 0.4847250509164969 0.12851452671040303 1 0
0.3158306652436855 0.39434826883910384 0.11061387066541706 1 0
0.4525080042689434 0.3508146639511201 0.03017806935332708 1 0
0.3621487015297048 0.4462830957230143 0.04142455482661669 1 0
0.4624688722874422 0.6397657841140529 0.028256794751640113 1 0
0.3959445037353255 0.5712830957230143 0.11302717900656045 1 0
0.4151547491995731 0.5096741344195519 0.09840674789128398 1 0
0.3464247598719317 0.30473523421588594 0.0 1 0
0.5186766275346851 0.34775967413441955 0.19264292408622305 1 0
0.49590892920668794 0.33528513238289204 0.23664479850046835 1 0
0.463536108146567 0.4689409368635438 0.06002811621368322 1 0
0.400213447171825 0.3762729124236252 0.0022813964386129326 1 0
0.3963002490217005 0.3581975560081466 0.10555295220243674 1 0
0.5243685521166844 0.6471486761710794 0.09618088097469543 1 0
0.4542867307008182 0.7492362525458248 0.04679006560449836 1 0
0.4389896833866952 0.565682281059063 0.12582005623242734 1 0
0.4653148345784418 0.39994908350305497 0.107029053420806 1 0
0.5741728922091782 0.3783095723014257 0.12886597938144329 1 0
0.3058697972251868 0.5341140529531568 0.07029053420805997 1 0
0.4126645321949484 0.6234725050916496 0.04625117150890347 1 0
0.487371042333689 0.44908350305498973 0.10656044985941893 1 0
0.4759871931696905 0.7820773930753564 0.06604967197750679 1 0
0.5435787975809321 0.5705193482688391 0.12593720712277412 0 1
0.5787975809320527 0.5272403258655805 0.34629803186504216 0 1
0.7235859124866596 0.5476069246435845 0.6009840674789129 0 1
0.5414443258626823 0.7795315682281059 0.5974695407685099 0 1
0.5731056563500534 0.4595213849287169 0.22134489222118087 0 1
0.6826752045535397 0.4058044806517312 0.2795220243673852 0 1
0.5777303450729278 0.4778513238289205 0.4564198687910028 0 1
0.6794734969761651 0.6692973523421588 0.453842549203374 0 1
0.5300604766986837 0.5735743380855397 0.6403467666354263 0 1
0.648167911775169 0.4760692464358452 0.41518275538894095 0 1
0.5923159018143009 0.5442973523421588 0.3573102155576382 0 1
0.7737459978655283 0.5343686354378818 0.5142924086223055 0 1
0.5784418356456777 0.5570264765784113 0.4215089034676664 0 1
0.4685165421558165 0.5552443991853361 0.1935098406747891 0 1
0.7161152614727855 0.7191955193482689 0.337394564198688 0 1
0.528637495553184 0.5908859470468432 0.3976101218369259 0 1
0.6172180718605479 0.5870672097759674 0.06773664479850047 0 1
0.704019921736037 0.639511201629328 0.5962980318650422 0 1
0.6901458555674137 0.4628309572301426 0.3809746954076851 0 1
0.5069370330843116 0.5529531568228105 0.3090440487347704 0 1
0.5716826752045535 0.500254582484725 0.22888940955951265 0 1
0.5937388829598008 0.5142566191446029 0.08549671977507005 0 1
0.6567057986481679 0.4714867617107943 0.3127928772258669 0 1
0.5186766275346851 0.5481160896130346 0.3338800374882849 0 1
0.6385627890430452 0.5094195519348269 0.1708762886597938 0 1
0.8278192813945215 0.5610997963340122 0.31021555763823805 0 1
0.7186054784774102 0.6830448065173116 0.3844892221180881 0 1
0.6833866951262896 0.4727596741344196 0.3099812558575445 0 1
0.6915688367129136 0.4791242362525458 0.528584817244611 0 1
0.6947705442902882 0.8266293279022403 0.2682755388940956 0 1
0.4389896833866952 0.6838085539714868 0.2542174320524836 0 1
0.744219139096407 0.6387474541751528 0.7436738519212747 0 1
0.6638207043756671 0.4358452138492872 0.34137769447047794 0 1
0.4542867307008182 0.5720468431771893 0.11037956888472353 0 1
0.4624688722874422 0.5554989816700611 0.4355670103092784 0 1
0.4183564567769477 0.4618126272912424 0.06291002811621367 0 1
0.8626823194592672 0.5142566191446029 1.0 0 1
0.5955176093916755 0.549643584521385 0.3158388003748828 0 1
0.6154393454286731 0.4348268839103869 0.2966260543580131 0 1
0.6947705442902882 0.4811608961303462 0.5147610121836926 0 1
0.6150836001422981 0.5633910386965376 0.2272024367385192 0 1
0.6969050160085379 0.6364562118126272 0.3877694470477976 0 1
0.4877267876200641 0.530295315682281 0.21944704779756327 0 1
0.7178939879046603 0.6102342158859471 0.8795688847235239 0 1
0.3941657773034508 0.4793788187372709 0.3957357075913777 0 1
0.4766986837424405 0.5224032586558045 0.33856607310215553 0 1
0.4429028815368196 0.3996945010183299 0.3697282099343955 0 1
0.5613660618996799 0.4554480651731161 0.23322399250234305 0 1
0.551405193881181 0.5366598778004072 0.35660731021555764 0 1
0.8256848096762719 0.6866089613034623 0.4568884723523899 0 1
0.5151191746709356 0.5463340122199593 0.28209934395501396 0 1
0.7342582710779082 0.44170061099796337 0.3577788191190253 0 1
0.6513696193525436 0.4730142566191445 0.19140112464854733 0 1
0.663464959089292 0.4480651731160896 0.4625117150890346 0 1
0.6115261472785486 0.5618635437881874 0.21230084348641048 0 1
0.5371753824261829 0.5605906313645621 0.1230787253983128 0 1
0.5499822127356813 0.4959266802443992 0.3434864104967198 0 1
0.6143721095695482 0.6471486761710794 0.28209934395501396 0 1
0.7506225542511562 0.5224032586558045 0.3683223992502343 0 1
1.0 0.470213849287169 0.75 0 1
0.6261117040199218 0.5939409368635438 0.5004686035613871 0 1
0.5585200996086802 0.5170570264765784 0.15447516401124625 0 1
0.7018854500177873 0.504582484725051 0.5663074039362699 0 1
0.5855567413731768 0.5119653767820773 0.4201030927835051 0 1
0.7669868374244041 0.570010183299389 0.5714620431115276 0 1
0.623977232301672 0.4918533604887984 0.2427366447985005 0 1
0.4916399857701886 0.6234725050916496 0.3179475164011246 0 1
0.5499822127356813 0.3026985743380856 0.4761012183692596 0 1
0.7218071860547848 0.36507128309572295 0.4639175257731959 0 1
0.7075773745997865 0.5157841140529532 0.33059981255857546 0 1
0.5553183920313056 0.4933808553971487 0.09861761949390792 0 1
0.5905371753824262 0.7148676171079429 0.21675257731958766 0 1
0.5222340803984348 0.5124745417515274 0.17326616682286786 0 1
0.5364638918534329 0.655295315682281 0.2893626991565136 0 1
0.656350053361793 0.5577902240325865 0.27014995313964385 0 1
0.3895410885805763 0.5435336048879837 0.2446110590440488 0 1
0.8762006403415155 0.5498981670061099 0.5412371134020618 0 1
0.6954820348630381 0.5908859470468432 0.4348641049671977 0 1
0.5353966559943081 0.4854887983706721 0.17539831302717898 0 1
0.4841693347563145 0.6285641547861507 0.12382849109653235 0 1
0.6421202419067947 0.4111507128309572 0.39456419868791 0 1
0.488438278192814 0.5756109979633401 0.4985941893158388 0 1
0.4973319103521879 0.4994908350305499 0.2638238050609185 0 1
0.7324795446460335 0.5407331975560081 0.5126522961574508 0 1
0.4781216648879402 0.5493890020366599 0.07286785379568883 0 1
0.7146922803272857 0.6074338085539714 0.5349109653233365 0 1
0.6969050160085379 0.4620672097759674 0.5876288659793815 0 1
0.6737815723941658 0.5425152749490835 0.253045923149016 0 1
0.6919245819992885 0.4921079429735234 0.32310215557638233 0 1
0.5467805051583067 0.5794297352342159 0.2628865979381443 0 1
0.8363571682675205 0.6178716904276985 0.5407685098406748 0 1
0.6314478833155461 0.7135947046843177 0.3978444236176195 0 1
0.6759160441124156 0.4814154786150713 0.2172211808809747 0 1
0.7317680540732836 0.4523930753564154 0.2036082474226804 0 1
0.6819637139807898 0.6313645621181263 0.4838331771321462 0 1
0.7310565635005336 0.5310590631364562 0.4885192127460168 0 1
0.7047314123087869 0.5639002036659877 0.3465323336457357 0 1
0.5048025613660619 0.6061608961303462 0.2612464854732896 0 1
0.6513696193525436 0.5239307535641547 0.36761949390815374 0 1
0.6816079686944149 0.6771894093686355 0.4500937207122774 0 1
0.6492351476342939 0.5086558044806517 0.264058106841612 0 1
0.6069014585556741 0.5346232179226069 0.35332708528584816 0 1
0.6097474208466738 0.41751527494908347 0.5222586691658856 0 1
0.5780860903593027 0.4966904276985744 0.5238987816307403 0 1
0.6065457132692992 0.4857433808553971 0.4475164011246485 0 1
0.6620419779437923 0.5155295315682281 0.34910965323336457 0 1
0.6054784774101744 0.610488798370672 0.5663074039362699 0 1
0.7723230167200285 0.4391547861507128 0.2736644798500469 0 1
0.6289576663109214 0.5280040733197555 0.4346298031865042 0 1
0.6577730345072927 0.4460285132382892 0.3493439550140581 0 1
0.7001067235859125 0.5519348268839104 0.4365042174320525 0 1
0.6118818925649235 0.6242362525458248 0.3964386129334583 0 1
0.535752401280683 0.504837067209776 0.3983130271790066 0 1
0.7225186766275347 0.6889002036659877 0.3559044048734771 0 1
0.5602988260405549 0.4893075356415478 0.6827553889409559 0 1
0.5172536463891854 0.7011201629327902 0.384020618556701 0 1
0.7171824973319104 0.5005091649694501 0.2706185567010309 0 1
0.4795446460334401 0.5300407331975561 0.2490627928772259 0 1
0.5332621842760583 0.6415478615071283 0.05618556701030928 0 1
0.5129847029526858 0.5033095723014256 0.2199625117150888 0 1
0.7271433653504091 0.5544806517311609 0.22959231490159324 0 1
0.8214158662397724 0.504837067209776 0.39268978444236174 0 1
0.5702596940590537 0.394857433808554 0.28209934395501396 0 1
0.5289932408395589 0.4243890020366599 0.39597000937207105 0 1
0.4685165421558165 0.47505091649694503 0.2872539831302718 0 1
0.5450017787264319 0.4396639511201629 0.5735707591377694 0 1
0.4841693347563145 0.6359470468431772 0.2020852858481724 0 1
0.544290288153682 0.6433299389002036 0.3943298969072165 0 1
0.4724297403059409 0.5162932790224033 0.2307169634489222 0 1
0.4062611170401992 0.5188391038696537 0.5656044985941893 0 1
0.6954820348630381 0.7324338085539714 0.41799437675726336 0 1
0.6197082888651726 0.6507128309572301 0.3940955951265229 0 1
0.5738171469228033 0.455193482688391 0.317244611059044 0 1
0.4777659196015653 0.4997454175152749 0.13725398313027154 0 1
0.5076485236570616 0.5740835030549898 0.3427835051546392 0 1
0.6691568836712913 0.5086558044806517 0.18791002811621368 0 1
0.6901458555674137 0.5982688391038696 0.4800843486410497 0 1
0.7285663464959091 0.5463340122199593 0.2118556701030928 0 1
0.9683386695126288 0.5567718940936863 0.6726804123711341 0 1
0.4432586268231946 0.6120162932790224 0.5325679475164011 0 1
0.5738171469228033 0.5264765784114053 0.4034676663542643 0 1
0.8285307719672714 0.6789714867617108 0.8254451733833177 0 1
0.5193881181074351 0.5929226069246435 0.1965791940018744 0 1
0.8971896122376378 0.6341649694501018 0.7823336457357075 0 1
0.7502668089647813 0.6764256619144603 0.5827085285848173 0 1
0.456421202419068 0.5684826883910387 0.3971415182755389 0 1
0.5816435432230523 0.5929226069246435 0.4243205248359888 0 1
0.5638562789043046 0.6097250509164969 0.2328491096532333 0 1
